{
 "cells": [
  {
   "cell_type": "code",
   "execution_count": 16,
   "id": "53675a3c-52ee-4fd0-b35c-689aa8ced49f",
   "metadata": {},
   "outputs": [],
   "source": [
    "import copy\n",
    "import mujoco\n",
    "from dm_control import mjcf\n",
    "import numpy as np\n",
    "import cv2\n",
    "import scipy\n",
    "from scipy.spatial.transform import Rotation as Rotater\n",
    "import common\n",
    "from dm_control.mujoco import Physics\n",
    "from lxml import etree\n",
    "from dm_control.suite import base\n",
    "from dm_control.rl import control\n",
    "from dm_control import viewer\n",
    "import mediapy as media\n",
    "\n",
    "np.set_printoptions(precision=5, suppress=True)"
   ]
  },
  {
   "cell_type": "code",
   "execution_count": 17,
   "id": "bb4e2694",
   "metadata": {},
   "outputs": [],
   "source": [
    "\n",
    "def compute_gains(model, data, configuration, Q, R):\n",
    "    # 1. Set configuration and find control that stabilizes it (ctrl0)\n",
    "    newdata = mujoco.MjData(model)\n",
    "    newdata = copy.copy(data)\n",
    "\n",
    "    mujoco.mj_resetData(model, newdata)\n",
    "    newdata.qpos = configuration\n",
    "    # compute the control\n",
    "    mujoco.mj_forward(model, newdata)\n",
    "    newdata.qacc = 0\n",
    "    mujoco.mj_inverse(model, newdata)\n",
    "\n",
    "    # define control and configuration to linearize around\n",
    "    # print(newdata.qfrc_actuator)\n",
    "    ctrl0 = newdata.qfrc_inverse.copy() @ np.linalg.pinv(newdata.actuator_moment)\n",
    "    qpos0 = newdata.qpos.copy()\n",
    "    print('ctrl0:\\n', ctrl0)\n",
    "    print('qpos0:\\n', qpos0)\n",
    "\n",
    "    # 2. Compute LQR gains given weights\n",
    "    mujoco.mj_resetData(model, newdata)\n",
    "    newdata.ctrl = ctrl0\n",
    "    newdata.qpos = qpos0\n",
    "\n",
    "    # 3. Allocate the A and B matrices, compute them.\n",
    "    A = np.zeros((2 * model.nv, 2 * model.nv))\n",
    "    B = np.zeros((2 * model.nv, model.nu))\n",
    "    epsilon = 1e-6\n",
    "    flg_centered = True\n",
    "    mujoco.mjd_transitionFD(model, newdata, epsilon, flg_centered, A, B, None, None)\n",
    "    \n",
    "\n",
    "    #print A, B, Q, R in format 'A:\\n{}\\n'\n",
    "    print('A:\\n{}\\nB:\\n{}\\nQ:\\n{}\\nR:\\n{}'.format(A.shape, B.shape, Q.shape, R.shape))\n",
    "    print('A:\\n{}\\nB:\\n{}\\nQ:\\n{}\\nR:\\n{}'.format(A, B, Q, R))\n",
    "\n",
    "    # return None, None\n",
    "\n",
    "    # Solve discrete Riccati equation.\n",
    "    P = scipy.linalg.solve_discrete_are(A, B, Q, R)\n",
    "    print('P:\\n{}'.format(P.shape))\n",
    "\n",
    "    # Compute the feedback gain matrix K.\n",
    "    K = np.linalg.inv(R + B.T @ P @ B) @ B.T @ P @ A\n",
    "\n",
    "    #print P, K in format 'A:\\n{}\\n'\n",
    "    print('P:\\n{}\\nK:\\n{}'.format(P, K))\n",
    "\n",
    "    return ctrl0, K"
   ]
  },
  {
   "cell_type": "code",
   "execution_count": 18,
   "id": "bdeba0d3-33fe-4c14-b218-e43cdac591c7",
   "metadata": {},
   "outputs": [
    {
     "name": "stdout",
     "output_type": "stream",
     "text": [
      "sim_model.nv: 14 sim_model.nu: 4 sim_model.nq: 15 sim_model.na: 0\n",
      "sim_data.qpos: [0.   0.   1.55 1.   0.   0.   0.   0.   0.   0.   0.   0.   0.   0.\n",
      " 0.  ] \n",
      "sim_data.qvel: [0. 0. 0. 0. 0. 0. 0. 0. 0. 0. 0. 0. 0. 0.] \n",
      "sim_data.qacc: [0. 0. 0. 0. 0. 0. 0. 0. 0. 0. 0. 0. 0. 0.] \n",
      "sim_data.ctrl: [0. 0. 0. 0.]\n",
      "sim_data.site_xpos: [[0. 0. 0.]] \n",
      "sim_data.site_xmat: [[0. 0. 0. 0. 0. 0. 0. 0. 0.]]\n",
      "ang_euler: [0, 0, 0] quat: [0. 0. 0. 1.]\n",
      "ctrl0:\n",
      " [-264747.71695 -264747.71695      -0.            0.     ]\n",
      "qpos0:\n",
      " [0.   0.   1.41 1.   0.   0.   0.   0.   0.   0.   0.   0.   0.   0.\n",
      " 0.  ]\n",
      "A:\n",
      "(28, 28)\n",
      "B:\n",
      "(28, 4)\n",
      "Q:\n",
      "(28, 28)\n",
      "R:\n",
      "(4, 4)\n",
      "A:\n",
      "[[  1.        0.       -0.0005    0.        0.00273  -0.        0.00106\n",
      "   -0.0009   -0.00126   0.        0.00106  -0.0009   -0.00126   0.\n",
      "    0.002    -0.       -0.00002   0.        0.       -0.       -0.00001\n",
      "    0.        0.        0.       -0.00001   0.        0.        0.     ]\n",
      " [  0.        1.       -0.       -0.00195  -0.       -0.00043   0.00002\n",
      "   -0.00109  -0.00083   0.       -0.00002   0.00109   0.00083   0.\n",
      "   -0.        0.00198   0.        0.       -0.       -0.        0.00001\n",
      "   -0.       -0.       -0.       -0.00001   0.        0.        0.     ]\n",
      " [  0.        0.        0.99986   0.        0.00034   0.        0.00017\n",
      "    0.00249   0.00192   0.        0.00017   0.00249   0.00192   0.\n",
      "   -0.        0.        0.00199   0.        0.        0.        0.\n",
      "    0.       -0.        0.        0.        0.       -0.        0.     ]\n",
      " [  0.        0.       -0.        1.00036  -0.       -0.00501  -0.00002\n",
      "    0.00094   0.00073   0.        0.00002  -0.00094  -0.00073   0.\n",
      "    0.       -0.00025   0.        0.00159  -0.        0.00001  -0.\n",
      "    0.       -0.       -0.        0.       -0.        0.        0.     ]\n",
      " [  0.        0.        0.00171  -0.        1.00455   0.        0.00547\n",
      "    0.00084  -0.0014    0.        0.00547   0.00084  -0.0014    0.\n",
      "    0.00008  -0.        0.00009  -0.        0.00189  -0.        0.00009\n",
      "    0.00003   0.       -0.00001   0.00009   0.00003   0.       -0.00001]\n",
      " [  0.        0.       -0.        0.006    -0.        0.99999  -0.00016\n",
      "    0.00189   0.0018    0.        0.00016  -0.00189  -0.0018    0.\n",
      "    0.       -0.00008   0.       -0.00007  -0.        0.0019    0.00005\n",
      "    0.       -0.       -0.00001  -0.00005  -0.        0.        0.00001]\n",
      " [ -0.        0.       -0.00976  -0.00748   0.00054  -0.        0.99582\n",
      "   -0.00469  -0.00584   0.       -0.00307  -0.00186  -0.00032   0.\n",
      "    0.00001   0.0002   -0.00039   0.00005  -0.00005  -0.00003   0.00165\n",
      "    0.00001   0.       -0.00001  -0.00005  -0.00001  -0.        0.     ]\n",
      " [ -0.        0.        0.01918   0.01612   0.00101   0.        0.00077\n",
      "    0.99643   0.00375   0.        0.00027   0.00331   0.00257   0.\n",
      "    0.00001  -0.00037   0.00077   0.00002   0.00004   0.00002   0.00004\n",
      "    0.0016   -0.       -0.        0.00001   0.       -0.        0.     ]\n",
      " [  0.        0.       -0.02217  -0.01866  -0.00118  -0.       -0.00438\n",
      "   -0.01106   0.98216   0.       -0.00024  -0.00381  -0.00298   0.\n",
      "   -0.00002   0.00043  -0.00089  -0.00002  -0.00004  -0.00002  -0.00005\n",
      "   -0.00002   0.00159   0.       -0.00001  -0.        0.       -0.     ]\n",
      " [ -0.        0.       -0.01982  -0.01331  -0.03244   0.       -0.01263\n",
      "    0.02837   0.02274   1.       -0.01266  -0.00178   0.00346   0.\n",
      "    0.00116   0.00021  -0.00072  -0.00009  -0.00182  -0.00099  -0.00135\n",
      "   -0.00032   0.00001   0.00171  -0.00019  -0.00006  -0.        0.00002]\n",
      " [  0.        0.       -0.00976   0.00748   0.00054  -0.       -0.00307\n",
      "   -0.00186  -0.00032   0.        0.99582  -0.00469  -0.00584   0.\n",
      "    0.00001  -0.0002   -0.00039  -0.00005  -0.00005   0.00003  -0.00005\n",
      "   -0.00001  -0.        0.        0.00165   0.00001   0.       -0.00001]\n",
      " [ -0.        0.        0.01918  -0.01612   0.00101   0.        0.00027\n",
      "    0.00331   0.00257   0.        0.00077   0.99643   0.00375   0.\n",
      "    0.00001   0.00037   0.00077  -0.00002   0.00004  -0.00002   0.00001\n",
      "    0.       -0.        0.        0.00004   0.0016   -0.       -0.     ]\n",
      " [  0.        0.       -0.02217   0.01866  -0.00118  -0.       -0.00024\n",
      "   -0.00381  -0.00298   0.       -0.00438  -0.01106   0.98216   0.\n",
      "   -0.00002  -0.00043  -0.00089   0.00002  -0.00004   0.00002  -0.00001\n",
      "   -0.        0.       -0.       -0.00005  -0.00002   0.00159   0.     ]\n",
      " [ -0.        0.       -0.01982   0.01331  -0.03244  -0.       -0.01266\n",
      "   -0.00178   0.00346   0.       -0.01263   0.02837   0.02274   1.\n",
      "    0.00116  -0.00021  -0.00072   0.00009  -0.00182   0.00099  -0.00019\n",
      "   -0.00006  -0.        0.00002  -0.00135  -0.00032   0.00001   0.00171]\n",
      " [  0.        0.       -0.25014   0.        1.36494  -0.        0.53236\n",
      "   -0.4487   -0.63079   0.        0.53236  -0.4487   -0.63079   0.\n",
      "    0.99814  -0.       -0.01056   0.        0.00203  -0.       -0.00404\n",
      "    0.00237   0.00146   0.00022  -0.00404   0.00237   0.00146   0.00022]\n",
      " [  0.       -0.       -0.       -0.97573  -0.       -0.21541   0.00936\n",
      "   -0.54725  -0.41253   0.       -0.00936   0.54725   0.41253   0.\n",
      "   -0.        0.98779   0.        0.00244  -0.       -0.00106   0.0027\n",
      "   -0.0005   -0.00002  -0.00019  -0.0027    0.0005    0.00002   0.00019]\n",
      " [  0.        0.       -0.07154   0.        0.17169  -0.        0.0848\n",
      "    1.24576   0.9575    0.        0.0848    1.24576   0.9575    0.\n",
      "   -0.00072   0.        0.99692   0.        0.00086   0.        0.00107\n",
      "    0.00087  -0.00044   0.00008   0.00107   0.00087  -0.00044   0.00008]\n",
      " [  0.       -0.       -0.        0.18539  -0.       -0.       -0.01187\n",
      "    0.47265   0.36752   0.        0.01187  -0.47265  -0.36752   0.\n",
      "    0.       -0.12563   0.        0.79349  -0.        0.00806  -0.00066\n",
      "    0.00045  -0.00012  -0.00002   0.00066  -0.00045   0.00012   0.00002]\n",
      " [ -0.        0.        0.85335  -0.        2.27361   0.        2.735\n",
      "    0.42209  -0.70103   0.        2.735     0.42209  -0.70103   0.\n",
      "    0.0377   -0.        0.04538  -0.        0.9459   -0.        0.04649\n",
      "    0.01344   0.0005   -0.00439   0.04649   0.01344   0.0005   -0.00439]\n",
      " [  0.       -0.       -0.        0.49689  -0.       -0.       -0.07909\n",
      "    0.94308   0.89744   0.        0.07909  -0.94308  -0.89744   0.\n",
      "    0.       -0.03906   0.       -0.03646  -0.        0.95147   0.0231\n",
      "    0.00115  -0.00224  -0.0027   -0.0231   -0.00115   0.00224   0.0027 ]\n",
      " [ -0.        0.       -4.87929  -3.74161   0.26874  -0.       -2.09215\n",
      "   -2.34705  -2.9212    0.       -1.53272  -0.92986  -0.16024   0.\n",
      "    0.00501   0.09914  -0.19368   0.02262  -0.02252  -0.0127    0.82475\n",
      "    0.00739   0.00083  -0.00297  -0.02393  -0.00721  -0.00008   0.00181]\n",
      " [ -0.        0.        9.59062   8.0624    0.50715   0.        0.38633\n",
      "   -1.78309   1.8744    0.        0.13599   1.65337   1.28312   0.\n",
      "    0.00737  -0.18558   0.38582   0.00791   0.01836   0.00893   0.01833\n",
      "    0.80117  -0.00068  -0.00181   0.00307   0.00089  -0.0007    0.0001 ]\n",
      " [  0.        0.      -11.0874   -9.32913  -0.5878   -0.       -2.18788\n",
      "   -5.53016  -8.91982   0.       -0.11925  -1.90263  -1.49091   0.\n",
      "   -0.00855   0.21349  -0.44604  -0.01127  -0.02119  -0.01064  -0.02272\n",
      "   -0.01074   0.79267   0.00214  -0.003    -0.00086   0.00082  -0.00015]\n",
      " [ -0.        0.       -9.90795  -6.65673 -16.21884   0.       -6.3151\n",
      "   14.18696  11.36811   0.       -6.33099  -0.88994   1.73039   0.\n",
      "    0.5791    0.1037   -0.35851  -0.04723  -0.912    -0.49352  -0.67492\n",
      "   -0.16145   0.00739   0.85698  -0.09642  -0.02976  -0.00185   0.00827]\n",
      " [  0.        0.       -4.87929   3.74161   0.26874  -0.       -1.53272\n",
      "   -0.92986  -0.16024   0.       -2.09215  -2.34705  -2.9212    0.\n",
      "    0.00501  -0.09914  -0.19368  -0.02262  -0.02252   0.0127   -0.02393\n",
      "   -0.00721  -0.00008   0.00181   0.82475   0.00739   0.00083  -0.00297]\n",
      " [ -0.        0.        9.59062  -8.0624    0.50715   0.        0.13599\n",
      "    1.65337   1.28312   0.        0.38633  -1.78309   1.8744    0.\n",
      "    0.00737   0.18558   0.38582  -0.00791   0.01836  -0.00893   0.00307\n",
      "    0.00089  -0.0007    0.0001    0.01833   0.80117  -0.00068  -0.00181]\n",
      " [  0.        0.      -11.0874    9.32913  -0.5878   -0.       -0.11925\n",
      "   -1.90263  -1.49091   0.       -2.18788  -5.53016  -8.91982   0.\n",
      "   -0.00855  -0.21349  -0.44604   0.01127  -0.02119   0.01064  -0.003\n",
      "   -0.00086   0.00082  -0.00015  -0.02272  -0.01074   0.79267   0.00214]\n",
      " [ -0.        0.       -9.90795   6.65673 -16.21884  -0.       -6.33099\n",
      "   -0.88994   1.73039   0.       -6.3151   14.18696  11.36811   0.\n",
      "    0.5791   -0.1037   -0.35851   0.04723  -0.912     0.49352  -0.09642\n",
      "   -0.02976  -0.00185   0.00827  -0.67492  -0.16145   0.00739   0.85698]]\n",
      "B:\n",
      "[[ 0.       0.      -0.      -0.     ]\n",
      " [ 0.      -0.       0.      -0.     ]\n",
      " [-0.      -0.      -0.      -0.     ]\n",
      " [-0.       0.      -0.       0.     ]\n",
      " [-0.      -0.      -0.      -0.     ]\n",
      " [-0.       0.      -0.       0.     ]\n",
      " [ 0.       0.      -0.       0.     ]\n",
      " [-0.      -0.      -0.      -0.     ]\n",
      " [ 0.       0.       0.       0.     ]\n",
      " [-0.       0.       0.       0.     ]\n",
      " [ 0.       0.       0.      -0.     ]\n",
      " [-0.      -0.      -0.      -0.     ]\n",
      " [ 0.       0.       0.       0.     ]\n",
      " [ 0.      -0.       0.       0.     ]\n",
      " [ 0.       0.      -0.      -0.     ]\n",
      " [ 0.      -0.       0.      -0.     ]\n",
      " [-0.      -0.      -0.      -0.     ]\n",
      " [-0.       0.      -0.       0.     ]\n",
      " [-0.00001 -0.00001 -0.00002 -0.00002]\n",
      " [-0.       0.      -0.00001  0.00001]\n",
      " [ 0.00001  0.      -0.00001  0.00001]\n",
      " [-0.00001 -0.      -0.00002 -0.     ]\n",
      " [ 0.00001  0.       0.00002  0.     ]\n",
      " [-0.00001  0.00001  0.0003   0.00004]\n",
      " [ 0.       0.00001  0.00001 -0.00001]\n",
      " [-0.      -0.00001 -0.      -0.00002]\n",
      " [ 0.       0.00001  0.       0.00002]\n",
      " [ 0.00001 -0.00001  0.00004  0.0003 ]]\n",
      "Q:\n",
      "[[1. 0. 0. 0. 0. 0. 0. 0. 0. 0. 0. 0. 0. 0. 0. 0. 0. 0. 0. 0. 0. 0. 0. 0.\n",
      "  0. 0. 0. 0.]\n",
      " [0. 1. 0. 0. 0. 0. 0. 0. 0. 0. 0. 0. 0. 0. 0. 0. 0. 0. 0. 0. 0. 0. 0. 0.\n",
      "  0. 0. 0. 0.]\n",
      " [0. 0. 1. 0. 0. 0. 0. 0. 0. 0. 0. 0. 0. 0. 0. 0. 0. 0. 0. 0. 0. 0. 0. 0.\n",
      "  0. 0. 0. 0.]\n",
      " [0. 0. 0. 1. 0. 0. 0. 0. 0. 0. 0. 0. 0. 0. 0. 0. 0. 0. 0. 0. 0. 0. 0. 0.\n",
      "  0. 0. 0. 0.]\n",
      " [0. 0. 0. 0. 1. 0. 0. 0. 0. 0. 0. 0. 0. 0. 0. 0. 0. 0. 0. 0. 0. 0. 0. 0.\n",
      "  0. 0. 0. 0.]\n",
      " [0. 0. 0. 0. 0. 1. 0. 0. 0. 0. 0. 0. 0. 0. 0. 0. 0. 0. 0. 0. 0. 0. 0. 0.\n",
      "  0. 0. 0. 0.]\n",
      " [0. 0. 0. 0. 0. 0. 1. 0. 0. 0. 0. 0. 0. 0. 0. 0. 0. 0. 0. 0. 0. 0. 0. 0.\n",
      "  0. 0. 0. 0.]\n",
      " [0. 0. 0. 0. 0. 0. 0. 1. 0. 0. 0. 0. 0. 0. 0. 0. 0. 0. 0. 0. 0. 0. 0. 0.\n",
      "  0. 0. 0. 0.]\n",
      " [0. 0. 0. 0. 0. 0. 0. 0. 1. 0. 0. 0. 0. 0. 0. 0. 0. 0. 0. 0. 0. 0. 0. 0.\n",
      "  0. 0. 0. 0.]\n",
      " [0. 0. 0. 0. 0. 0. 0. 0. 0. 1. 0. 0. 0. 0. 0. 0. 0. 0. 0. 0. 0. 0. 0. 0.\n",
      "  0. 0. 0. 0.]\n",
      " [0. 0. 0. 0. 0. 0. 0. 0. 0. 0. 1. 0. 0. 0. 0. 0. 0. 0. 0. 0. 0. 0. 0. 0.\n",
      "  0. 0. 0. 0.]\n",
      " [0. 0. 0. 0. 0. 0. 0. 0. 0. 0. 0. 1. 0. 0. 0. 0. 0. 0. 0. 0. 0. 0. 0. 0.\n",
      "  0. 0. 0. 0.]\n",
      " [0. 0. 0. 0. 0. 0. 0. 0. 0. 0. 0. 0. 1. 0. 0. 0. 0. 0. 0. 0. 0. 0. 0. 0.\n",
      "  0. 0. 0. 0.]\n",
      " [0. 0. 0. 0. 0. 0. 0. 0. 0. 0. 0. 0. 0. 1. 0. 0. 0. 0. 0. 0. 0. 0. 0. 0.\n",
      "  0. 0. 0. 0.]\n",
      " [0. 0. 0. 0. 0. 0. 0. 0. 0. 0. 0. 0. 0. 0. 1. 0. 0. 0. 0. 0. 0. 0. 0. 0.\n",
      "  0. 0. 0. 0.]\n",
      " [0. 0. 0. 0. 0. 0. 0. 0. 0. 0. 0. 0. 0. 0. 0. 1. 0. 0. 0. 0. 0. 0. 0. 0.\n",
      "  0. 0. 0. 0.]\n",
      " [0. 0. 0. 0. 0. 0. 0. 0. 0. 0. 0. 0. 0. 0. 0. 0. 1. 0. 0. 0. 0. 0. 0. 0.\n",
      "  0. 0. 0. 0.]\n",
      " [0. 0. 0. 0. 0. 0. 0. 0. 0. 0. 0. 0. 0. 0. 0. 0. 0. 1. 0. 0. 0. 0. 0. 0.\n",
      "  0. 0. 0. 0.]\n",
      " [0. 0. 0. 0. 0. 0. 0. 0. 0. 0. 0. 0. 0. 0. 0. 0. 0. 0. 1. 0. 0. 0. 0. 0.\n",
      "  0. 0. 0. 0.]\n",
      " [0. 0. 0. 0. 0. 0. 0. 0. 0. 0. 0. 0. 0. 0. 0. 0. 0. 0. 0. 1. 0. 0. 0. 0.\n",
      "  0. 0. 0. 0.]\n",
      " [0. 0. 0. 0. 0. 0. 0. 0. 0. 0. 0. 0. 0. 0. 0. 0. 0. 0. 0. 0. 1. 0. 0. 0.\n",
      "  0. 0. 0. 0.]\n",
      " [0. 0. 0. 0. 0. 0. 0. 0. 0. 0. 0. 0. 0. 0. 0. 0. 0. 0. 0. 0. 0. 1. 0. 0.\n",
      "  0. 0. 0. 0.]\n",
      " [0. 0. 0. 0. 0. 0. 0. 0. 0. 0. 0. 0. 0. 0. 0. 0. 0. 0. 0. 0. 0. 0. 1. 0.\n",
      "  0. 0. 0. 0.]\n",
      " [0. 0. 0. 0. 0. 0. 0. 0. 0. 0. 0. 0. 0. 0. 0. 0. 0. 0. 0. 0. 0. 0. 0. 1.\n",
      "  0. 0. 0. 0.]\n",
      " [0. 0. 0. 0. 0. 0. 0. 0. 0. 0. 0. 0. 0. 0. 0. 0. 0. 0. 0. 0. 0. 0. 0. 0.\n",
      "  1. 0. 0. 0.]\n",
      " [0. 0. 0. 0. 0. 0. 0. 0. 0. 0. 0. 0. 0. 0. 0. 0. 0. 0. 0. 0. 0. 0. 0. 0.\n",
      "  0. 1. 0. 0.]\n",
      " [0. 0. 0. 0. 0. 0. 0. 0. 0. 0. 0. 0. 0. 0. 0. 0. 0. 0. 0. 0. 0. 0. 0. 0.\n",
      "  0. 0. 1. 0.]\n",
      " [0. 0. 0. 0. 0. 0. 0. 0. 0. 0. 0. 0. 0. 0. 0. 0. 0. 0. 0. 0. 0. 0. 0. 0.\n",
      "  0. 0. 0. 1.]]\n",
      "R:\n",
      "[[1. 0. 0. 0.]\n",
      " [0. 1. 0. 0.]\n",
      " [0. 0. 1. 0.]\n",
      " [0. 0. 0. 1.]]\n",
      "P:\n",
      "(28, 28)\n",
      "P:\n",
      "[[ 4.76901e+07  5.62133e+02  2.21424e+06  1.47300e+05 -7.07157e+07\n",
      "   1.57933e+03 -3.64444e+07 -2.19979e+07 -2.77773e+05 -5.54852e+06\n",
      "  -3.64279e+07 -2.20634e+07 -3.30862e+05 -5.54812e+06  1.04845e+05\n",
      "  -3.84368e+03 -2.53227e+05  8.65377e+02 -5.24983e+05  2.60927e+02\n",
      "  -2.70949e+05 -1.61830e+05  3.81487e+03 -4.32973e+04 -2.70779e+05\n",
      "  -1.62266e+05  3.48340e+03 -4.32962e+04]\n",
      " [ 5.62133e+02  1.38714e+05 -1.69770e+02  9.55656e+06 -1.25712e+03\n",
      "   9.89746e+05  2.80701e+06  2.39559e+06  5.55459e+05  2.20009e+05\n",
      "  -2.80810e+06 -2.39657e+06 -5.55756e+05 -2.20140e+05 -3.22730e+01\n",
      "  -2.49159e+05 -1.92810e+01  6.77580e+04 -3.40151e+00 -3.49268e+02\n",
      "   2.30710e+04  1.81708e+04  2.47714e+03  1.54262e+03 -2.30724e+04\n",
      "  -1.81776e+04 -2.47984e+03 -1.54418e+03]\n",
      " [ 2.21424e+06 -1.69770e+02  4.45478e+11 -9.28511e+08 -1.21285e+11\n",
      "  -1.59047e+07 -1.56550e+11  6.34860e+11  5.25576e+11 -2.19359e+05\n",
      "  -1.56682e+11  6.35295e+11  5.25940e+11 -2.27283e+05 -9.09300e+08\n",
      "   2.42683e+07  3.96150e+10 -5.39232e+06 -2.88011e+09 -1.25255e+06\n",
      "  -1.76975e+09  3.96319e+09  3.27057e+09  1.05995e+08 -1.77157e+09\n",
      "   3.96599e+09  3.27289e+09  1.06058e+08]\n",
      " [ 1.47300e+05  9.55656e+06 -9.28511e+08  1.58100e+13 -1.37144e+09\n",
      "   2.64685e+11 -1.14966e+12  3.71034e+12  3.11831e+12  2.04121e+07\n",
      "   1.14868e+12 -3.71261e+12 -3.11952e+12 -2.04290e+07 -4.67233e+06\n",
      "  -4.13059e+11 -8.74994e+07  9.17685e+10 -2.51155e+07  2.06570e+10\n",
      "  -1.60693e+10  2.37638e+10  1.98724e+10  5.74719e+08  1.60506e+10\n",
      "  -2.37831e+10 -1.98807e+10 -5.73513e+08]\n",
      " [-7.07157e+07 -1.25712e+03 -1.21285e+11 -1.37144e+09  2.06878e+11\n",
      "  -2.29986e+07  1.29525e+11 -1.93133e+11 -1.95864e+11  9.79412e+06\n",
      "   1.29321e+11 -1.92487e+11 -1.95320e+11  9.79825e+06  1.07773e+09\n",
      "   3.58217e+07 -1.02692e+10 -7.95167e+06  4.06997e+09 -1.77586e+06\n",
      "   1.86041e+09 -9.35258e+08 -1.17206e+09 -1.14929e+08  1.85755e+09\n",
      "  -9.31134e+08 -1.16859e+09 -1.14826e+08]\n",
      " [ 1.57933e+03  9.89746e+05 -1.59047e+07  2.64685e+11 -2.29986e+07\n",
      "   4.67248e+09 -1.93881e+10  6.21850e+10  5.22864e+10  6.93011e+06\n",
      "   1.93720e+10 -6.22241e+10 -5.23074e+10 -6.93025e+06 -8.07368e+04\n",
      "  -6.91591e+09 -1.49708e+06  1.53424e+09 -4.19874e+05  3.58724e+08\n",
      "  -2.67498e+08  3.98618e+08  3.33079e+08  9.40342e+06  2.67185e+08\n",
      "  -3.98948e+08 -3.33224e+08 -9.38334e+06]\n",
      " [-3.64444e+07  2.80701e+06 -1.56550e+11 -1.14966e+12  1.29525e+11\n",
      "  -1.93881e+10  1.85241e+11 -5.03790e+11 -4.39714e+11  1.66779e+07\n",
      "   1.16072e+10  3.75295e+10  1.77394e+10 -6.79651e+06  7.30585e+08\n",
      "   3.00255e+10 -1.36632e+10 -6.65982e+09  2.65588e+09 -1.49210e+09\n",
      "   2.52485e+09 -3.04874e+09 -2.74925e+09 -1.23911e+08  9.75144e+07\n",
      "   4.08584e+08  1.70071e+08 -3.67095e+07]\n",
      " [-2.19979e+07  2.39559e+06  6.34860e+11  3.71034e+12 -1.93133e+11\n",
      "   6.21850e+10 -5.03790e+11  1.77865e+12  1.48785e+12  1.05027e+07\n",
      "   3.71400e+10  3.61707e+10  2.29659e+10 -5.61318e+06 -1.39217e+09\n",
      "  -9.69353e+10  5.63959e+10  2.15333e+10 -4.48879e+09  4.84490e+09\n",
      "  -6.46481e+09  1.12124e+10  9.36362e+09  2.96477e+08  1.09594e+09\n",
      "   5.36781e+07  2.70525e+07  2.59341e+07]\n",
      " [-2.77773e+05  5.55459e+05  5.25576e+11  3.11831e+12 -1.95864e+11\n",
      "   5.22864e+10 -4.39714e+11  1.48785e+12  1.25256e+12  6.45199e+05\n",
      "   1.74628e+10  2.28024e+10  1.98984e+10 -1.28255e+06 -1.32064e+09\n",
      "  -8.14637e+10  4.65808e+10  1.80924e+10 -4.39722e+09  4.06594e+09\n",
      "  -5.70363e+09  9.32199e+09  7.87409e+09  2.65768e+08  6.87859e+08\n",
      "  -5.59504e+07  1.59360e+07  3.68372e+07]\n",
      " [-5.54852e+06  2.20009e+05 -2.19359e+05  2.04121e+07  9.79412e+06\n",
      "   6.93011e+06  1.66779e+07  1.05027e+07  6.45199e+05  1.99397e+06\n",
      "  -6.80048e+06 -5.59787e+06 -1.27012e+06 -6.99464e+05  3.76997e+04\n",
      "  -5.32440e+05  3.42787e+04  1.52798e+05  7.63050e+04 -3.01331e+04\n",
      "   1.11075e+05  7.75288e+04  2.31894e+03  1.68313e+04 -3.82909e+04\n",
      "  -3.82703e+04 -5.70009e+03 -7.02203e+03]\n",
      " [-3.64279e+07 -2.80810e+06 -1.56682e+11  1.14868e+12  1.29321e+11\n",
      "   1.93720e+10  1.16072e+10  3.71400e+10  1.74628e+10 -6.80048e+06\n",
      "   1.85094e+11 -5.03721e+11 -4.39603e+11  1.66806e+07  7.29885e+08\n",
      "  -3.00002e+10 -1.36756e+10  6.65418e+09  2.65214e+09  1.49086e+09\n",
      "   9.71443e+07  4.05744e+08  1.68255e+08 -3.66569e+07  2.52241e+09\n",
      "  -3.04866e+09 -2.74859e+09 -1.23783e+08]\n",
      " [-2.20634e+07 -2.39657e+06  6.35295e+11 -3.71261e+12 -1.92487e+11\n",
      "  -6.22241e+10  3.75295e+10  3.61707e+10  2.28024e+10 -5.59787e+06\n",
      "  -5.03721e+11  1.77971e+12  1.48858e+12  1.04944e+07 -1.38997e+09\n",
      "   9.69947e+10  5.64369e+10 -2.15465e+10 -4.47698e+09 -4.84798e+09\n",
      "   1.10257e+09  5.47806e+07  2.61753e+07  2.55735e+07 -6.46261e+09\n",
      "   1.12203e+10  9.36841e+09  2.96270e+08]\n",
      " [-3.30862e+05 -5.55756e+05  5.25940e+11 -3.11952e+12 -1.95320e+11\n",
      "  -5.23074e+10  1.77394e+10  2.29659e+10  1.98984e+10 -1.27012e+06\n",
      "  -4.39603e+11  1.48858e+12  1.25303e+12  6.38221e+05 -1.31879e+09\n",
      "   8.14953e+10  4.66152e+10 -1.80994e+10 -4.38725e+09 -4.06761e+09\n",
      "   6.92722e+08 -5.39745e+07  1.60760e+07  3.65590e+07 -5.70103e+09\n",
      "   9.32760e+09  7.87722e+09  2.65567e+08]\n",
      " [-5.54812e+06 -2.20140e+05 -2.27283e+05 -2.04290e+07  9.79825e+06\n",
      "  -6.93025e+06 -6.79651e+06 -5.61318e+06 -1.28255e+06 -6.99464e+05\n",
      "   1.66806e+07  1.04944e+07  6.38221e+05  1.99387e+06  3.79712e+04\n",
      "   5.32882e+05  3.35584e+04 -1.52899e+05  7.63196e+04  3.00900e+04\n",
      "  -3.82831e+04 -3.83704e+04 -5.77348e+03 -7.02112e+03  1.11082e+05\n",
      "   7.74785e+04  2.27852e+03  1.68304e+04]\n",
      " [ 1.04845e+05 -3.22730e+01 -9.09300e+08 -4.67233e+06  1.07773e+09\n",
      "  -8.07368e+04  7.30585e+08 -1.39217e+09 -1.32064e+09  3.76997e+04\n",
      "   7.29885e+08 -1.38997e+09 -1.31879e+09  3.79712e+04  7.99315e+06\n",
      "   1.22037e+05 -7.85676e+07 -2.70677e+04  2.08478e+07 -6.14150e+03\n",
      "   9.81643e+06 -7.44882e+06 -7.97013e+06 -5.95882e+05  9.80667e+06\n",
      "  -7.43475e+06 -7.95828e+06 -5.95531e+05]\n",
      " [-3.84368e+03 -2.49159e+05  2.42683e+07 -4.13059e+11  3.58217e+07\n",
      "  -6.91591e+09  3.00255e+10 -9.69353e+10 -8.14637e+10 -5.32440e+05\n",
      "  -3.00002e+10  9.69947e+10  8.14953e+10  5.32882e+05  1.22037e+05\n",
      "   1.07918e+10  2.28688e+06 -2.39762e+09  6.55986e+05 -5.39827e+08\n",
      "   4.19650e+08 -6.20868e+08 -5.19143e+08 -1.50057e+07 -4.19159e+08\n",
      "   6.21372e+08  5.19362e+08  1.49742e+07]\n",
      " [-2.53227e+05 -1.92810e+01  3.96150e+10 -8.74994e+07 -1.02692e+10\n",
      "  -1.49708e+06 -1.36632e+10  5.63959e+10  4.65808e+10  3.42787e+04\n",
      "  -1.36756e+10  5.64369e+10  4.66152e+10  3.35584e+04 -7.85676e+07\n",
      "   2.28688e+06  3.52438e+09 -5.08113e+05 -2.46309e+08 -1.17799e+05\n",
      "  -1.53256e+08  3.52865e+08  2.90002e+08  9.16805e+06 -1.53428e+08\n",
      "   3.53128e+08  2.90220e+08  9.17407e+06]\n",
      " [ 8.65377e+02  6.77580e+04 -5.39232e+06  9.17685e+10 -7.95167e+06\n",
      "   1.53424e+09 -6.65982e+09  2.15333e+10  1.80924e+10  1.52798e+05\n",
      "   6.65418e+09 -2.15465e+10 -1.80994e+10 -1.52899e+05 -2.70677e+04\n",
      "  -2.39762e+09 -5.08113e+05  5.32733e+08 -1.45614e+05  1.19844e+08\n",
      "  -9.31140e+07  1.37931e+08  1.15293e+08  3.33099e+06  9.30052e+07\n",
      "  -1.38044e+08 -1.15341e+08 -3.32400e+06]\n",
      " [-5.24983e+05 -3.40151e+00 -2.88011e+09 -2.51155e+07  4.06997e+09\n",
      "  -4.19874e+05  2.65588e+09 -4.48879e+09 -4.39722e+09  7.63050e+04\n",
      "   2.65214e+09 -4.47698e+09 -4.38725e+09  7.63196e+04  2.08478e+07\n",
      "   6.55986e+05 -2.46309e+08 -1.45614e+05  8.09805e+07 -3.24109e+04\n",
      "   3.76298e+07 -2.28932e+07 -2.64871e+07 -2.32416e+06  3.75773e+07\n",
      "  -2.28177e+07 -2.64235e+07 -2.32226e+06]\n",
      " [ 2.60927e+02 -3.49268e+02 -1.25255e+06  2.06570e+10 -1.77586e+06\n",
      "   3.58724e+08 -1.49210e+09  4.84490e+09  4.06594e+09 -3.01331e+04\n",
      "   1.49086e+09 -4.84798e+09 -4.06761e+09  3.00900e+04 -6.14150e+03\n",
      "  -5.39827e+08 -1.17799e+05  1.19844e+08 -3.24109e+04  2.80123e+07\n",
      "  -2.05625e+07  3.10919e+07  2.58869e+07  7.15234e+05  2.05384e+07\n",
      "  -3.11178e+07 -2.58984e+07 -7.13687e+05]\n",
      " [-2.70949e+05  2.30710e+04 -1.76975e+09 -1.60693e+10  1.86041e+09\n",
      "  -2.67498e+08  2.52485e+09 -6.46481e+09 -5.70363e+09  1.11075e+05\n",
      "   9.71443e+07  1.10257e+09  6.92722e+08 -3.82831e+04  9.81643e+06\n",
      "   4.19650e+08 -1.53256e+08 -9.31140e+07  3.76298e+07 -2.05625e+07\n",
      "   3.50794e+07 -3.87348e+07 -3.56396e+07 -1.72861e+06  9.62641e+05\n",
      "   9.56779e+06  5.19154e+06 -4.90135e+05]\n",
      " [-1.61830e+05  1.81708e+04  3.96319e+09  2.37638e+10 -9.35258e+08\n",
      "   3.98618e+08 -3.04874e+09  1.12124e+10  9.32199e+09  7.75288e+04\n",
      "   4.05744e+08  5.47806e+07 -5.39745e+07 -3.83704e+04 -7.44882e+06\n",
      "  -6.20868e+08  3.52865e+08  1.37931e+08 -2.28932e+07  3.10919e+07\n",
      "  -3.87348e+07  7.11292e+07  5.87504e+07  1.73370e+06  9.52049e+06\n",
      "  -3.43111e+05 -1.00031e+06  9.68145e+03]\n",
      " [ 3.81487e+03  2.47714e+03  3.27057e+09  1.98724e+10 -1.17206e+09\n",
      "   3.33079e+08 -2.74925e+09  9.36362e+09  7.87409e+09  2.31894e+03\n",
      "   1.68255e+08  2.61753e+07  1.60760e+07 -5.77348e+03 -7.97013e+06\n",
      "  -5.19143e+08  2.90002e+08  1.15293e+08 -2.64871e+07  2.58869e+07\n",
      "  -3.56396e+07  5.87504e+07  4.95233e+07  1.64993e+06  5.15981e+06\n",
      "  -1.01185e+06 -5.74290e+05  1.87503e+05]\n",
      " [-4.32973e+04  1.54262e+03  1.05995e+08  5.74719e+08 -1.14929e+08\n",
      "   9.40342e+06 -1.23911e+08  2.96477e+08  2.65768e+08  1.68313e+04\n",
      "  -3.66569e+07  2.55735e+07  3.65590e+07 -7.02112e+03 -5.95882e+05\n",
      "  -1.50057e+07  9.16805e+06  3.33099e+06 -2.32416e+06  7.15234e+05\n",
      "  -1.72861e+06  1.73370e+06  1.64993e+06  9.14439e+04 -4.89582e+05\n",
      "   7.19962e+03  1.85702e+05  4.53906e+04]\n",
      " [-2.70779e+05 -2.30724e+04 -1.77157e+09  1.60506e+10  1.85755e+09\n",
      "   2.67185e+08  9.75144e+07  1.09594e+09  6.87859e+08 -3.82909e+04\n",
      "   2.52241e+09 -6.46261e+09 -5.70103e+09  1.11082e+05  9.80667e+06\n",
      "  -4.19159e+08 -1.53428e+08  9.30052e+07  3.75773e+07  2.05384e+07\n",
      "   9.62641e+05  9.52049e+06  5.15981e+06 -4.89582e+05  3.50399e+07\n",
      "  -3.87257e+07 -3.56238e+07 -1.72662e+06]\n",
      " [-1.62266e+05 -1.81776e+04  3.96599e+09 -2.37831e+10 -9.31134e+08\n",
      "  -3.98948e+08  4.08584e+08  5.36781e+07 -5.59504e+07 -3.82703e+04\n",
      "  -3.04866e+09  1.12203e+10  9.32760e+09  7.74785e+04 -7.43475e+06\n",
      "   6.21372e+08  3.53128e+08 -1.38044e+08 -2.28177e+07 -3.11178e+07\n",
      "   9.56779e+06 -3.43111e+05 -1.01185e+06  7.19962e+03 -3.87257e+07\n",
      "   7.11873e+07  5.87871e+07  1.73256e+06]\n",
      " [ 3.48340e+03 -2.47984e+03  3.27289e+09 -1.98807e+10 -1.16859e+09\n",
      "  -3.33224e+08  1.70071e+08  2.70525e+07  1.59360e+07 -5.70009e+03\n",
      "  -2.74859e+09  9.36841e+09  7.87722e+09  2.27852e+03 -7.95828e+06\n",
      "   5.19362e+08  2.90220e+08 -1.15341e+08 -2.64235e+07 -2.58984e+07\n",
      "   5.19154e+06 -1.00031e+06 -5.74290e+05  1.85702e+05 -3.56238e+07\n",
      "   5.87871e+07  4.95440e+07  1.64867e+06]\n",
      " [-4.32962e+04 -1.54418e+03  1.06058e+08 -5.73513e+08 -1.14826e+08\n",
      "  -9.38334e+06 -3.67095e+07  2.59341e+07  3.68372e+07 -7.02203e+03\n",
      "  -1.23783e+08  2.96270e+08  2.65567e+08  1.68304e+04 -5.95531e+05\n",
      "   1.49742e+07  9.17407e+06 -3.32400e+06 -2.32226e+06 -7.13687e+05\n",
      "  -4.90135e+05  9.68145e+03  1.87503e+05  4.53906e+04 -1.72662e+06\n",
      "   1.73256e+06  1.64867e+06  9.13519e+04]]\n",
      "K:\n",
      "[[      0.67633      -0.22039 -128216.11157 -742976.50851   34991.92493\n",
      "   -12456.09084   99455.41465 -357297.36539 -298119.29865      -0.54493\n",
      "    -9217.84975   -8295.71249   -4576.58437       0.36932     262.1309\n",
      "    19410.20792  -11401.60319   -4311.22335     830.55679    -969.55228\n",
      "     1269.80073   -2258.22592   -1877.36858     -57.74511    -249.20058\n",
      "      -23.78973      -6.22598      -3.37496]\n",
      " [      0.68373       0.22054 -128320.76811  742901.97522   34877.6867\n",
      "    12455.02997   -9245.79371   -8446.32888   -4672.29232       0.3677\n",
      "    99414.10449 -357412.33311 -298184.00065      -0.54329     261.77265\n",
      "   -19408.26738  -11411.34367    4310.79388     828.49689     969.47843\n",
      "     -249.83523     -24.9547       -6.86289      -3.33137    1268.9671\n",
      "    -2259.1685    -1877.80531     -57.69349]\n",
      " [     -0.11729      -0.66835    3602.99922   17550.9348  -111428.75271\n",
      "      109.92317  -59761.35456   22467.24595   42396.90954      -0.29537\n",
      "   -53129.17146   13173.84791   32897.1049       -0.61627    -508.23613\n",
      "     -449.15697      -9.45187      95.70915   -2120.53187      -6.63955\n",
      "     -947.77905     -35.77775     236.79131      58.55111    -840.2948\n",
      "      -86.75692     172.82764      53.39268]\n",
      " [     -0.11887       0.66838    3656.4568   -16989.37103 -111437.95459\n",
      "     -100.46062  -53187.29917   13381.57847   33070.0751       -0.61598\n",
      "   -59735.43882   22410.70362   42346.8542       -0.29555    -508.32916\n",
      "      434.48961      -4.68136     -92.45439   -2120.7731        7.36817\n",
      "     -841.05119     -85.43204     173.92289      53.42378    -947.3595\n",
      "      -36.14172     236.46365      58.53988]]\n"
     ]
    }
   ],
   "source": [
    "def simulate():\n",
    "\n",
    "    CART_POLE_MJCF = \"legwheel_robot2.xml\" #\"cartpole2.xml\"\n",
    "    sim_model = mujoco.MjModel.from_xml_path(CART_POLE_MJCF)\n",
    "    sim_data = mujoco.MjData(sim_model)\n",
    "    renderer = mujoco.Renderer(sim_model, height=480, width=640)\n",
    "\n",
    "    # Make a new camera, move it to a closer distance.\n",
    "    camera = mujoco.MjvCamera()\n",
    "    mujoco.mjv_defaultFreeCamera(sim_model, camera)\n",
    "    camera.lookat = [0, -10, 8]\n",
    "    camera.azimuth = 90\n",
    "    camera.elevation = -30\n",
    "    camera.distance = 1\n",
    "    q0 = copy.copy(sim_data.qpos)\n",
    "\n",
    "    print('sim_model.nv:', sim_model.nv, 'sim_model.nu:', sim_model.nu, 'sim_model.nq:', sim_model.nq, 'sim_model.na:', sim_model.na)  \n",
    "    print('sim_data.qpos:', sim_data.qpos, '\\nsim_data.qvel:', sim_data.qvel, '\\nsim_data.qacc:', sim_data.qacc, '\\nsim_data.ctrl:', sim_data.ctrl)\n",
    "    print('sim_data.site_xpos:', sim_data.site_xpos, '\\nsim_data.site_xmat:', sim_data.site_xmat)\n",
    "\n",
    "    # Parameters.\n",
    "    DURATION = 1  # seconds\n",
    "    BALANCE_STD = 0.2  # actuator units\n",
    "    FRAMERATE = 30\n",
    "\n",
    "    \n",
    "    ang_euler = Rotater.from_quat([0, 0, 0, 1]).as_euler('xyz', degrees=True)\n",
    "    ang_euler = [0, 0, 0]\n",
    "    quat = Rotater.from_euler('xyz', ang_euler, degrees=True).as_quat()\n",
    "    print('ang_euler:', ang_euler, 'quat:', quat)\n",
    "\n",
    "    qpos0 = np.array([0., 0., 1.55*np.cos(ang_euler[1]*np.pi/180), quat[3], quat[0], quat[1], quat[2], 0, 0, 0, 0, 0, 0, 0., 0.]) #give initial pose\n",
    "    target = np.array([0., 0., 1.55, 1., 0., 0., 0., 0., 0., 0, 0, 0, 0, 0., 0.]) #give target pose which is the stable pose\n",
    "\n",
    "    Q = np.eye(sim_model.nv*2) * 1\n",
    "    R = np.eye(sim_model.nu) * 1\n",
    "\n",
    "    dq = np.zeros(sim_model.nv)\n",
    "    # mujoco.mj_differentiatePos(sim_model, dq, 1, target, sim_data.qpos)\n",
    "    # print('dq:', dq)\n",
    "    # return\n",
    "\n",
    "    # ctrl0, K = compute_gains(uncertain_model, uncertain_data, target)\n",
    "    ctrl0, K = compute_gains(sim_model, sim_data, target, Q, R)\n",
    "    return\n",
    "\n",
    "    #print('ctrl0:', ctrl0, 'K:', K)\n",
    "\n",
    "    # Reset data, set initial pose.\n",
    "    mujoco.mj_resetData(sim_model, sim_data)\n",
    "    sim_data.qpos = qpos0\n",
    "\n",
    "    qhist = []\n",
    "    frames = []\n",
    "    while sim_data.time < DURATION:\n",
    "        # Get state difference dx.\n",
    "        mujoco.mj_differentiatePos(sim_model, dq, 1, target, sim_data.qpos)\n",
    "        dx = np.hstack((dq, sim_data.qvel)).T\n",
    "\n",
    "        # LQR control law.\n",
    "        sim_data.ctrl = ctrl0 - K @ dx + np.random.randn(sim_model.nu)\n",
    "        #print('ctrl:', sim_data.ctrl)\n",
    "\n",
    "        # Step the simulation.\n",
    "        mujoco.mj_step(sim_model, sim_data)\n",
    "\n",
    "        # Save history.\n",
    "        if len(frames) < sim_data.time * FRAMERATE:\n",
    "            qhist.append(sim_data.qpos.copy())\n",
    "            #camera.lookat = sim_data.body('cart').subtree_com\n",
    "            renderer.update_scene(sim_data, camera)\n",
    "            img = renderer.render()\n",
    "            frames.append(img)\n",
    "    print(\"show video:\")\n",
    "    media.show_video(frames, fps=FRAMERATE)\n",
    "    \n",
    "    \n",
    "simulate()"
   ]
  }
 ],
 "metadata": {
  "kernelspec": {
   "display_name": "Python 3 (ipykernel)",
   "language": "python",
   "name": "python3"
  },
  "language_info": {
   "codemirror_mode": {
    "name": "ipython",
    "version": 3
   },
   "file_extension": ".py",
   "mimetype": "text/x-python",
   "name": "python",
   "nbconvert_exporter": "python",
   "pygments_lexer": "ipython3",
   "version": "3.12.5"
  }
 },
 "nbformat": 4,
 "nbformat_minor": 5
}
