{
 "cells": [
  {
   "cell_type": "code",
   "execution_count": 110,
   "id": "53675a3c-52ee-4fd0-b35c-689aa8ced49f",
   "metadata": {},
   "outputs": [],
   "source": [
    "import copy\n",
    "import mujoco\n",
    "from dm_control import mjcf\n",
    "import numpy as np\n",
    "import cv2\n",
    "import scipy\n",
    "from scipy.spatial.transform import Rotation as Rotater\n",
    "import common\n",
    "from dm_control.mujoco import Physics\n",
    "from lxml import etree\n",
    "from dm_control.suite import base\n",
    "from dm_control.rl import control\n",
    "from dm_control import viewer\n",
    "import mediapy as media\n",
    "\n",
    "np.set_printoptions(precision=5, suppress=True)"
   ]
  },
  {
   "cell_type": "code",
   "execution_count": 111,
   "id": "bb4e2694",
   "metadata": {},
   "outputs": [],
   "source": [
    "\n",
    "def compute_gains(model, data, configuration, Q, R):\n",
    "    # 1. Set configuration and find control that stabilizes it (ctrl0)\n",
    "    newdata = mujoco.MjData(model)\n",
    "    newdata = copy.copy(data)\n",
    "\n",
    "    mujoco.mj_resetData(model, newdata)\n",
    "    newdata.qpos = configuration\n",
    "    # compute the control\n",
    "    mujoco.mj_forward(model, newdata)\n",
    "    newdata.qacc = 0\n",
    "    mujoco.mj_inverse(model, newdata)\n",
    "\n",
    "    # define control and configuration to linearize around\n",
    "    # print(newdata.qfrc_actuator)\n",
    "    ctrl0 = newdata.qfrc_inverse.copy() @ np.linalg.pinv(newdata.actuator_moment)\n",
    "    qpos0 = newdata.qpos.copy()\n",
    "    print('ctrl0:\\n', ctrl0)\n",
    "    print('qpos0:\\n', qpos0)\n",
    "\n",
    "    # 2. Compute LQR gains given weights\n",
    "    mujoco.mj_resetData(model, newdata)\n",
    "    newdata.ctrl = ctrl0\n",
    "    newdata.qpos = qpos0\n",
    "\n",
    "    # 3. Allocate the A and B matrices, compute them.\n",
    "    A = np.zeros((2 * model.nv, 2 * model.nv))\n",
    "    B = np.zeros((2 * model.nv, model.nu))\n",
    "    epsilon = 1e-6\n",
    "    flg_centered = True\n",
    "    mujoco.mjd_transitionFD(model, newdata, epsilon, flg_centered, A, B, None, None)\n",
    "    \n",
    "\n",
    "    #print A, B, Q, R in format 'A:\\n{}\\n'\n",
    "    print('A:\\n{}\\nB:\\n{}\\nQ:\\n{}\\nR:\\n{}'.format(A.shape, B.shape, Q.shape, R.shape))\n",
    "    print('A:\\n{}\\nB:\\n{}\\nQ:\\n{}\\nR:\\n{}'.format(A, B, Q, R))\n",
    "\n",
    "    # return None, None\n",
    "\n",
    "    # Solve discrete Riccati equation.\n",
    "    P = scipy.linalg.solve_discrete_are(A, B, Q, R)\n",
    "    print('P:\\n{}'.format(P.shape))\n",
    "\n",
    "    # Compute the feedback gain matrix K.\n",
    "    K = np.linalg.inv(R + B.T @ P @ B) @ B.T @ P @ A\n",
    "\n",
    "    #print P, K in format 'A:\\n{}\\n'\n",
    "    print('P:\\n{}\\nK:\\n{}'.format(P, K))\n",
    "\n",
    "    return ctrl0, K"
   ]
  },
  {
   "cell_type": "code",
   "execution_count": 112,
   "id": "bdeba0d3-33fe-4c14-b218-e43cdac591c7",
   "metadata": {},
   "outputs": [
    {
     "name": "stdout",
     "output_type": "stream",
     "text": [
      "sim_model.nv: 14 sim_model.nu: 4 sim_model.nq: 15 sim_model.na: 0\n",
      "sim_data.qpos: [0.   0.   1.55 1.   0.   0.   0.   0.   0.   0.   0.   0.   0.   0.\n",
      " 0.  ] \n",
      "sim_data.qvel: [0. 0. 0. 0. 0. 0. 0. 0. 0. 0. 0. 0. 0. 0.] \n",
      "sim_data.qacc: [0. 0. 0. 0. 0. 0. 0. 0. 0. 0. 0. 0. 0. 0.] \n",
      "sim_data.ctrl: [0. 0. 0. 0.]\n",
      "sim_data.site_xpos: [[0. 0. 0.]] \n",
      "sim_data.site_xmat: [[0. 0. 0. 0. 0. 0. 0. 0. 0.]]\n",
      "ang_euler: [0, 0, 0] quat: [0. 0. 0. 1.]\n",
      "ctrl0:\n",
      " [-2099.48574 -2099.48574    -0.         -0.     ]\n",
      "qpos0:\n",
      " [0.   0.   1.54 1.   0.   0.   0.   0.   0.   0.   0.   0.   0.   0.\n",
      " 0.  ]\n",
      "A:\n",
      "(28, 28)\n",
      "B:\n",
      "(28, 4)\n",
      "Q:\n",
      "(28, 28)\n",
      "R:\n",
      "(4, 4)\n",
      "A:\n",
      "[[ 1.      -0.      -0.00023  0.       0.00001  0.      -0.00025 -0.00001\n",
      "   0.00003  0.      -0.00025 -0.00001  0.00003  0.       0.002   -0.\n",
      "  -0.00001  0.       0.      -0.      -0.00001  0.       0.       0.\n",
      "  -0.00001  0.       0.       0.     ]\n",
      " [ 0.       1.      -0.       0.00068  0.      -0.      -0.00001 -0.00003\n",
      "  -0.       0.       0.00001  0.00003  0.       0.       0.       0.00199\n",
      "   0.       0.00001 -0.       0.       0.      -0.       0.       0.\n",
      "  -0.       0.      -0.      -0.     ]\n",
      " [ 0.       0.       1.00016  0.       0.00001  0.       0.00022  0.00005\n",
      "  -0.00001  0.       0.00022  0.00005 -0.00001  0.       0.       0.\n",
      "   0.00201  0.      -0.       0.       0.00001  0.      -0.      -0.\n",
      "   0.00001  0.      -0.      -0.     ]\n",
      " [ 0.       0.       0.       0.99955 -0.      -0.00004  0.00002  0.00003\n",
      "  -0.       0.      -0.00002 -0.00003  0.       0.       0.      -0.00025\n",
      "  -0.       0.00158  0.       0.       0.       0.      -0.      -0.\n",
      "  -0.      -0.       0.       0.     ]\n",
      " [ 0.       0.       0.00136 -0.       1.00008 -0.       0.00266  0.00079\n",
      "  -0.00004  0.       0.00266  0.00079 -0.00004  0.       0.00004  0.\n",
      "   0.00005 -0.       0.00194  0.       0.00008  0.00002 -0.      -0.00001\n",
      "   0.00008  0.00002 -0.      -0.00001]\n",
      " [ 0.       0.       0.       0.00033 -0.       1.       0.00114  0.00031\n",
      "  -0.00006  0.      -0.00114 -0.00031  0.00006  0.      -0.      -0.00006\n",
      "  -0.      -0.00009  0.       0.00192  0.00003  0.      -0.      -0.\n",
      "  -0.00003 -0.       0.       0.     ]\n",
      " [-0.       0.      -0.00711 -0.00458 -0.00008  0.       0.99449  0.00158\n",
      "   0.00002  0.      -0.00176 -0.00048  0.00003  0.       0.00002  0.00016\n",
      "  -0.00028  0.00007 -0.00004 -0.00001  0.00172  0.00003  0.      -0.00001\n",
      "  -0.00006 -0.00001  0.       0.     ]\n",
      " [ 0.      -0.       0.01679  0.01265  0.00027  0.       0.00061  0.9898\n",
      "  -0.       0.       0.00033  0.00005 -0.00001  0.       0.00001 -0.00031\n",
      "   0.00067  0.       0.       0.       0.00002  0.00159 -0.      -0.\n",
      "   0.00001  0.      -0.      -0.     ]\n",
      " [-0.       0.      -0.01819 -0.01372 -0.00029 -0.      -0.00073  0.00036\n",
      "   0.9901   0.      -0.00034 -0.00005  0.00001  0.      -0.00001  0.00034\n",
      "  -0.00073 -0.      -0.      -0.      -0.00002 -0.00001  0.00158  0.\n",
      "  -0.00001 -0.       0.       0.     ]\n",
      " [-0.       0.      -0.01629 -0.0111  -0.0004  -0.       0.00966  0.01463\n",
      "   0.00039  1.      -0.00362 -0.00105  0.00005  0.       0.00107  0.00019\n",
      "  -0.00065 -0.00013 -0.00172 -0.00087 -0.00132 -0.0003   0.00001  0.00167\n",
      "  -0.00011 -0.00003 -0.       0.00001]\n",
      " [ 0.       0.      -0.00711  0.00458 -0.00008  0.      -0.00176 -0.00048\n",
      "   0.00003  0.       0.99449  0.00158  0.00002  0.       0.00002 -0.00016\n",
      "  -0.00028 -0.00007 -0.00004  0.00001 -0.00006 -0.00001  0.       0.\n",
      "   0.00172  0.00003  0.      -0.00001]\n",
      " [ 0.      -0.       0.01679 -0.01265  0.00027 -0.       0.00033  0.00005\n",
      "  -0.00001  0.       0.00061  0.9898  -0.       0.       0.00001  0.00031\n",
      "   0.00067 -0.       0.      -0.       0.00001  0.      -0.      -0.\n",
      "   0.00002  0.00159 -0.      -0.     ]\n",
      " [ 0.       0.      -0.01819  0.01372 -0.00029  0.      -0.00034 -0.00005\n",
      "   0.00001  0.      -0.00073  0.00036  0.9901   0.      -0.00001 -0.00034\n",
      "  -0.00073  0.      -0.       0.      -0.00001 -0.       0.       0.\n",
      "  -0.00002 -0.00001  0.00158  0.     ]\n",
      " [ 0.       0.      -0.01629  0.0111  -0.0004   0.      -0.00362 -0.00105\n",
      "   0.00005  0.       0.00966  0.01463  0.00039  1.       0.00107 -0.00019\n",
      "  -0.00065  0.00013 -0.00172  0.00087 -0.00011 -0.00003 -0.       0.00001\n",
      "  -0.00132 -0.0003   0.00001  0.00167]\n",
      " [ 0.      -0.      -0.11264  0.       0.00462  0.      -0.12699 -0.00594\n",
      "   0.01656  0.      -0.12699 -0.00594  0.01656  0.       0.99849 -0.\n",
      "  -0.00452  0.       0.00233 -0.      -0.00427  0.00039  0.00086  0.00022\n",
      "  -0.00427  0.00039  0.00086  0.00022]\n",
      " [ 0.       0.      -0.       0.34115  0.      -0.0016  -0.00478 -0.01484\n",
      "  -0.0001   0.       0.00478  0.01484  0.0001   0.       0.       0.99505\n",
      "   0.       0.00604 -0.       0.00161  0.00002 -0.00032  0.00012  0.00004\n",
      "  -0.00002  0.00032 -0.00012 -0.00004]\n",
      " [ 0.       0.       0.08163 -0.       0.00424 -0.       0.10825  0.02412\n",
      "  -0.00287  0.       0.10825  0.02412 -0.00287  0.       0.00086  0.\n",
      "   1.00327 -0.      -0.00131  0.       0.00383  0.0004  -0.00032 -0.00013\n",
      "   0.00383  0.0004  -0.00032 -0.00013]\n",
      " [ 0.      -0.       0.      -0.22432 -0.      -0.       0.01103  0.01312\n",
      "  -0.00033  0.      -0.01103 -0.01312  0.00033  0.       0.      -0.12374\n",
      "  -0.       0.79243  0.       0.00065  0.00019  0.00027 -0.00011 -0.00005\n",
      "  -0.00019 -0.00027  0.00011  0.00005]\n",
      " [ 0.       0.       0.6818  -0.       0.04031 -0.       1.32987  0.39542\n",
      "  -0.0205   0.       1.32987  0.39542 -0.0205   0.       0.01864  0.\n",
      "   0.02745 -0.       0.9708   0.       0.04089  0.0099  -0.00006 -0.00276\n",
      "   0.04089  0.0099  -0.00006 -0.00276]\n",
      " [-0.      -0.       0.       0.14353 -0.      -0.       0.57045  0.15383\n",
      "  -0.03131  0.      -0.57045 -0.15383  0.03131  0.      -0.      -0.03226\n",
      "  -0.      -0.04581  0.       0.96188  0.0159   0.00225 -0.00146 -0.00155\n",
      "  -0.0159  -0.00225  0.00146  0.00155]\n",
      " [-0.       0.      -3.5553  -2.28958 -0.03983  0.      -2.75743  0.79158\n",
      "   0.01123  0.      -0.87766 -0.23859  0.01331  0.       0.00994  0.07896\n",
      "  -0.14212  0.03524 -0.01848 -0.00473  0.85823  0.01538  0.00055 -0.00452\n",
      "  -0.0283  -0.00622  0.00009  0.00157]\n",
      " [ 0.      -0.       8.39438  6.32402  0.13579  0.       0.30307 -5.10216\n",
      "  -0.00207  0.       0.16638  0.02444 -0.00434  0.       0.00278 -0.15746\n",
      "   0.3358   0.00026  0.0018   0.00034  0.00968  0.7953  -0.00059 -0.00066\n",
      "   0.00608  0.00034 -0.00038 -0.00016]\n",
      " [-0.       0.      -9.09588 -6.85926 -0.1471  -0.      -0.36576  0.17818\n",
      "  -4.95196  0.      -0.17071 -0.02416  0.00454  0.      -0.00299  0.16979\n",
      "  -0.36386 -0.00189 -0.00199 -0.00068 -0.01154 -0.00381  0.79238  0.00072\n",
      "  -0.00626 -0.0003   0.00041  0.00016]\n",
      " [-0.       0.      -8.14277 -5.55229 -0.20225 -0.       4.8296   7.31255\n",
      "   0.19417  0.      -1.80986 -0.52402  0.02254  0.       0.53701  0.09744\n",
      "  -0.32394 -0.06417 -0.8618  -0.43535 -0.65956 -0.15141  0.00576  0.83735\n",
      "  -0.05695 -0.0136  -0.00019  0.0035 ]\n",
      " [ 0.       0.      -3.5553   2.28958 -0.03983  0.      -0.87766 -0.23859\n",
      "   0.01331  0.      -2.75743  0.79158  0.01123  0.       0.00994 -0.07896\n",
      "  -0.14212 -0.03524 -0.01848  0.00473 -0.0283  -0.00622  0.00009  0.00157\n",
      "   0.85823  0.01538  0.00055 -0.00452]\n",
      " [ 0.      -0.       8.39438 -6.32402  0.13579 -0.       0.16638  0.02444\n",
      "  -0.00434  0.       0.30307 -5.10216 -0.00207  0.       0.00278  0.15746\n",
      "   0.3358  -0.00026  0.0018  -0.00034  0.00608  0.00034 -0.00038 -0.00016\n",
      "   0.00968  0.7953  -0.00059 -0.00066]\n",
      " [ 0.       0.      -9.09588  6.85926 -0.1471   0.      -0.17071 -0.02416\n",
      "   0.00454  0.      -0.36576  0.17818 -4.95196  0.      -0.00299 -0.16979\n",
      "  -0.36386  0.00189 -0.00199  0.00068 -0.00626 -0.0003   0.00041  0.00016\n",
      "  -0.01154 -0.00381  0.79238  0.00072]\n",
      " [ 0.       0.      -8.14277  5.55229 -0.20225  0.      -1.80986 -0.52402\n",
      "   0.02254  0.       4.8296   7.31255  0.19417  0.       0.53701 -0.09744\n",
      "  -0.32394  0.06417 -0.8618   0.43535 -0.05695 -0.0136  -0.00019  0.0035\n",
      "  -0.65956 -0.15141  0.00576  0.83735]]\n",
      "B:\n",
      "[[ 0.       0.      -0.      -0.     ]\n",
      " [ 0.      -0.       0.      -0.     ]\n",
      " [-0.      -0.      -0.      -0.     ]\n",
      " [-0.       0.      -0.       0.     ]\n",
      " [-0.      -0.      -0.      -0.     ]\n",
      " [-0.       0.      -0.       0.     ]\n",
      " [ 0.       0.      -0.       0.     ]\n",
      " [-0.      -0.      -0.      -0.     ]\n",
      " [ 0.       0.       0.       0.     ]\n",
      " [-0.       0.       0.       0.     ]\n",
      " [ 0.       0.       0.      -0.     ]\n",
      " [-0.      -0.      -0.      -0.     ]\n",
      " [ 0.       0.       0.       0.     ]\n",
      " [ 0.      -0.       0.       0.     ]\n",
      " [ 0.       0.      -0.      -0.     ]\n",
      " [ 0.      -0.       0.      -0.     ]\n",
      " [-0.      -0.      -0.      -0.     ]\n",
      " [-0.       0.      -0.       0.     ]\n",
      " [-0.00001 -0.00001 -0.00001 -0.00001]\n",
      " [-0.       0.      -0.       0.     ]\n",
      " [ 0.00002  0.00001 -0.00002  0.00001]\n",
      " [-0.      -0.      -0.00001 -0.     ]\n",
      " [ 0.       0.       0.00001  0.     ]\n",
      " [-0.00002  0.00001  0.00022  0.00002]\n",
      " [ 0.00001  0.00002  0.00001 -0.00002]\n",
      " [-0.      -0.      -0.      -0.00001]\n",
      " [ 0.       0.       0.       0.00001]\n",
      " [ 0.00001 -0.00002  0.00002  0.00022]]\n",
      "Q:\n",
      "[[1. 0. 0. 0. 0. 0. 0. 0. 0. 0. 0. 0. 0. 0. 0. 0. 0. 0. 0. 0. 0. 0. 0. 0.\n",
      "  0. 0. 0. 0.]\n",
      " [0. 1. 0. 0. 0. 0. 0. 0. 0. 0. 0. 0. 0. 0. 0. 0. 0. 0. 0. 0. 0. 0. 0. 0.\n",
      "  0. 0. 0. 0.]\n",
      " [0. 0. 1. 0. 0. 0. 0. 0. 0. 0. 0. 0. 0. 0. 0. 0. 0. 0. 0. 0. 0. 0. 0. 0.\n",
      "  0. 0. 0. 0.]\n",
      " [0. 0. 0. 0. 0. 0. 0. 0. 0. 0. 0. 0. 0. 0. 0. 0. 0. 0. 0. 0. 0. 0. 0. 0.\n",
      "  0. 0. 0. 0.]\n",
      " [0. 0. 0. 0. 0. 0. 0. 0. 0. 0. 0. 0. 0. 0. 0. 0. 0. 0. 0. 0. 0. 0. 0. 0.\n",
      "  0. 0. 0. 0.]\n",
      " [0. 0. 0. 0. 0. 0. 0. 0. 0. 0. 0. 0. 0. 0. 0. 0. 0. 0. 0. 0. 0. 0. 0. 0.\n",
      "  0. 0. 0. 0.]\n",
      " [0. 0. 0. 0. 0. 0. 1. 0. 0. 0. 0. 0. 0. 0. 0. 0. 0. 0. 0. 0. 0. 0. 0. 0.\n",
      "  0. 0. 0. 0.]\n",
      " [0. 0. 0. 0. 0. 0. 0. 1. 0. 0. 0. 0. 0. 0. 0. 0. 0. 0. 0. 0. 0. 0. 0. 0.\n",
      "  0. 0. 0. 0.]\n",
      " [0. 0. 0. 0. 0. 0. 0. 0. 1. 0. 0. 0. 0. 0. 0. 0. 0. 0. 0. 0. 0. 0. 0. 0.\n",
      "  0. 0. 0. 0.]\n",
      " [0. 0. 0. 0. 0. 0. 0. 0. 0. 1. 0. 0. 0. 0. 0. 0. 0. 0. 0. 0. 0. 0. 0. 0.\n",
      "  0. 0. 0. 0.]\n",
      " [0. 0. 0. 0. 0. 0. 0. 0. 0. 0. 1. 0. 0. 0. 0. 0. 0. 0. 0. 0. 0. 0. 0. 0.\n",
      "  0. 0. 0. 0.]\n",
      " [0. 0. 0. 0. 0. 0. 0. 0. 0. 0. 0. 1. 0. 0. 0. 0. 0. 0. 0. 0. 0. 0. 0. 0.\n",
      "  0. 0. 0. 0.]\n",
      " [0. 0. 0. 0. 0. 0. 0. 0. 0. 0. 0. 0. 1. 0. 0. 0. 0. 0. 0. 0. 0. 0. 0. 0.\n",
      "  0. 0. 0. 0.]\n",
      " [0. 0. 0. 0. 0. 0. 0. 0. 0. 0. 0. 0. 0. 1. 0. 0. 0. 0. 0. 0. 0. 0. 0. 0.\n",
      "  0. 0. 0. 0.]\n",
      " [0. 0. 0. 0. 0. 0. 0. 0. 0. 0. 0. 0. 0. 0. 1. 0. 0. 0. 0. 0. 0. 0. 0. 0.\n",
      "  0. 0. 0. 0.]\n",
      " [0. 0. 0. 0. 0. 0. 0. 0. 0. 0. 0. 0. 0. 0. 0. 1. 0. 0. 0. 0. 0. 0. 0. 0.\n",
      "  0. 0. 0. 0.]\n",
      " [0. 0. 0. 0. 0. 0. 0. 0. 0. 0. 0. 0. 0. 0. 0. 0. 1. 0. 0. 0. 0. 0. 0. 0.\n",
      "  0. 0. 0. 0.]\n",
      " [0. 0. 0. 0. 0. 0. 0. 0. 0. 0. 0. 0. 0. 0. 0. 0. 0. 1. 0. 0. 0. 0. 0. 0.\n",
      "  0. 0. 0. 0.]\n",
      " [0. 0. 0. 0. 0. 0. 0. 0. 0. 0. 0. 0. 0. 0. 0. 0. 0. 0. 1. 0. 0. 0. 0. 0.\n",
      "  0. 0. 0. 0.]\n",
      " [0. 0. 0. 0. 0. 0. 0. 0. 0. 0. 0. 0. 0. 0. 0. 0. 0. 0. 0. 1. 0. 0. 0. 0.\n",
      "  0. 0. 0. 0.]\n",
      " [0. 0. 0. 0. 0. 0. 0. 0. 0. 0. 0. 0. 0. 0. 0. 0. 0. 0. 0. 0. 1. 0. 0. 0.\n",
      "  0. 0. 0. 0.]\n",
      " [0. 0. 0. 0. 0. 0. 0. 0. 0. 0. 0. 0. 0. 0. 0. 0. 0. 0. 0. 0. 0. 1. 0. 0.\n",
      "  0. 0. 0. 0.]\n",
      " [0. 0. 0. 0. 0. 0. 0. 0. 0. 0. 0. 0. 0. 0. 0. 0. 0. 0. 0. 0. 0. 0. 1. 0.\n",
      "  0. 0. 0. 0.]\n",
      " [0. 0. 0. 0. 0. 0. 0. 0. 0. 0. 0. 0. 0. 0. 0. 0. 0. 0. 0. 0. 0. 0. 0. 1.\n",
      "  0. 0. 0. 0.]\n",
      " [0. 0. 0. 0. 0. 0. 0. 0. 0. 0. 0. 0. 0. 0. 0. 0. 0. 0. 0. 0. 0. 0. 0. 0.\n",
      "  1. 0. 0. 0.]\n",
      " [0. 0. 0. 0. 0. 0. 0. 0. 0. 0. 0. 0. 0. 0. 0. 0. 0. 0. 0. 0. 0. 0. 0. 0.\n",
      "  0. 1. 0. 0.]\n",
      " [0. 0. 0. 0. 0. 0. 0. 0. 0. 0. 0. 0. 0. 0. 0. 0. 0. 0. 0. 0. 0. 0. 0. 0.\n",
      "  0. 0. 1. 0.]\n",
      " [0. 0. 0. 0. 0. 0. 0. 0. 0. 0. 0. 0. 0. 0. 0. 0. 0. 0. 0. 0. 0. 0. 0. 0.\n",
      "  0. 0. 0. 1.]]\n",
      "R:\n",
      "[[10.  0.  0.  0.]\n",
      " [ 0. 10.  0.  0.]\n",
      " [ 0.  0. 10.  0.]\n",
      " [ 0.  0.  0. 10.]]\n",
      "P:\n",
      "(28, 28)\n",
      "P:\n",
      "[[ 1.71387e+08  3.33045e+05 -1.70071e+06  4.56754e+05 -2.71855e+08\n",
      "   1.97649e+07 -1.15545e+08 -6.13471e+07 -1.50554e+06 -2.17654e+07\n",
      "  -1.54406e+08 -8.14584e+07 -1.50642e+06 -2.90256e+07  1.69330e+07\n",
      "  -1.27509e+04 -9.69626e+05  2.10929e+03 -1.77755e+06  1.62510e+05\n",
      "  -1.33747e+06 -4.65941e+05  5.38031e+04 -1.39011e+05 -1.64063e+06\n",
      "  -6.20057e+05  5.40361e+04 -1.93573e+05]\n",
      " [ 3.33045e+05  4.00982e+06 -2.68745e+03  5.56590e+06 -5.29300e+05\n",
      "   2.23066e+08  2.20872e+08  1.14296e+08  2.58113e+03  4.12683e+07\n",
      "  -2.21397e+08 -1.14573e+08 -8.10129e+03 -4.13670e+07  3.23549e+04\n",
      "  -1.45181e+05 -1.21385e+03  4.64732e+04 -3.62744e+03  1.69857e+06\n",
      "   1.68490e+06  8.68311e+05 -1.36318e+02  3.13036e+05 -1.69073e+06\n",
      "  -8.70441e+05  3.41910e+02 -3.13679e+05]\n",
      " [-1.70071e+06 -2.68745e+03  1.49986e+10 -3.68810e+03 -3.43859e+09\n",
      "  -1.60404e+05 -8.63625e+08  1.64540e+09  1.59529e+09  1.15022e+06\n",
      "  -8.63309e+08  1.64556e+09  1.59529e+09  1.20912e+06  2.72040e+07\n",
      "   1.03797e+02  1.11842e+10 -1.66917e+01 -1.46382e+09 -1.32062e+03\n",
      "  -1.92175e+08 -5.98692e+07 -4.54742e+06  1.98956e+07 -1.92172e+08\n",
      "  -5.98680e+07 -4.54743e+06  1.98961e+07]\n",
      " [ 4.56754e+05  5.56590e+06 -3.68810e+03  7.84948e+06 -7.25907e+05\n",
      "   3.05182e+08  3.02864e+08  1.56711e+08  9.54332e+03  5.65890e+07\n",
      "  -3.03584e+08 -1.57092e+08 -1.71140e+04 -5.67244e+07  4.43728e+04\n",
      "  -2.00666e+05 -1.66601e+03  7.26676e+04 -4.97506e+03  2.27383e+06\n",
      "   2.29698e+06  1.18793e+06  1.83701e+02  4.30230e+05 -2.30498e+06\n",
      "  -1.19085e+06  9.82593e+01 -4.31111e+05]\n",
      " [-2.71855e+08 -5.29300e+05 -3.43859e+09 -7.25907e+05  6.48242e+09\n",
      "  -3.14114e+07  2.44499e+09  1.18242e+06 -8.32413e+08  3.50311e+07\n",
      "   2.50675e+09  3.31444e+07 -8.32412e+08  4.65693e+07  2.38374e+08\n",
      "   2.02641e+04 -3.72705e+09 -3.35232e+03  1.39927e+09 -2.58270e+05\n",
      "   3.76957e+08  9.67131e+07  1.30419e+05 -2.70311e+07  3.77439e+08\n",
      "   9.69580e+07  1.30049e+05 -2.69444e+07]\n",
      " [ 1.97649e+07  2.23066e+08 -1.60404e+05  3.05182e+08 -3.14114e+07\n",
      "   1.33926e+10  1.31209e+10  6.79018e+09  1.25435e+05  2.45117e+09\n",
      "  -1.31520e+10 -6.80664e+09 -4.53258e+05 -2.45703e+09  1.92015e+06\n",
      "  -8.60722e+06 -7.27532e+04  1.08154e+06 -2.15155e+05  1.12304e+08\n",
      "   1.02906e+08  5.21561e+07 -9.02072e+04  1.83784e+07 -1.03252e+08\n",
      "  -5.22825e+07  1.02409e+05 -1.84165e+07]\n",
      " [-1.15545e+08  2.20872e+08 -8.63625e+08  3.02864e+08  2.44499e+09\n",
      "   1.31209e+10  1.38486e+10  6.73888e+09 -2.74445e+08  2.42707e+09\n",
      "  -1.19486e+10 -6.61151e+09 -2.75025e+08 -2.39237e+09  9.24029e+07\n",
      "  -8.46509e+06 -1.09999e+09  1.39268e+06  5.01616e+08  1.07915e+08\n",
      "   2.42492e+08  8.72337e+07 -1.80355e+05  8.17260e+06  4.12309e+07\n",
      "  -1.50762e+07 -2.51564e+04 -2.80458e+07]\n",
      " [-6.13471e+07  1.14296e+08  1.64540e+09  1.56711e+08  1.18242e+06\n",
      "   6.79018e+09  6.73888e+09  3.67575e+09  1.50840e+08  1.25624e+09\n",
      "  -6.61119e+09 -3.23313e+09  1.50540e+08 -1.23783e+09  6.23119e+06\n",
      "  -4.38028e+06  1.16497e+09  7.19507e+05 -1.02610e+08  5.58539e+07\n",
      "   4.96102e+07  2.45581e+07 -6.22220e+05  1.03742e+07 -5.45467e+07\n",
      "  -2.83882e+07 -5.41796e+05 -8.36868e+06]\n",
      " [-1.50554e+06  2.58113e+03  1.59529e+09  9.54332e+03 -8.32413e+08\n",
      "   1.25435e+05 -2.74445e+08  1.50840e+08  2.11674e+08  2.57630e+05\n",
      "  -2.74703e+08  1.50706e+08  2.11668e+08  2.09424e+05 -2.57074e+07\n",
      "  -3.89704e+02  1.29334e+09  1.13412e+02 -2.49681e+08  5.95457e+02\n",
      "  -4.95686e+07 -1.36397e+07 -4.26634e+05  4.11764e+06 -4.95703e+07\n",
      "  -1.36407e+07 -4.26634e+05  4.11725e+06]\n",
      " [-2.17654e+07  4.12683e+07  1.15022e+06  5.65890e+07  3.50311e+07\n",
      "   2.45117e+09  2.42707e+09  1.25624e+09  2.57630e+05  4.53417e+08\n",
      "  -2.39234e+09 -1.23787e+09  1.49346e+05 -4.46953e+08 -1.58862e+06\n",
      "  -1.58158e+06  6.44705e+05  2.60984e+05  2.12587e+05  2.01550e+07\n",
      "   1.89788e+07  9.62633e+06 -1.96998e+04  3.40531e+06 -1.86181e+07\n",
      "  -9.48662e+06  9.21458e+03 -3.36122e+06]\n",
      " [-1.54406e+08 -2.21397e+08 -8.63309e+08 -3.03584e+08  2.50675e+09\n",
      "  -1.31520e+10 -1.19486e+10 -6.61119e+09 -2.74703e+08 -2.39234e+09\n",
      "   1.39099e+10  6.77093e+09 -2.74122e+08  2.43856e+09  8.86275e+07\n",
      "   8.48520e+06 -1.09985e+09 -1.39600e+06  5.02039e+08 -1.08171e+08\n",
      "   4.13321e+07 -1.50734e+07 -3.69679e+04 -2.80514e+07  2.43072e+08\n",
      "   8.74795e+07 -1.92534e+05  8.25312e+06]\n",
      " [-8.14584e+07 -1.14573e+08  1.64556e+09 -1.57092e+08  3.31444e+07\n",
      "  -6.80664e+09 -6.61151e+09 -3.23313e+09  1.50706e+08 -1.23787e+09\n",
      "   6.77093e+09  3.69250e+09  1.51007e+08  1.26225e+09  4.27739e+06\n",
      "   4.39090e+06  1.16505e+09 -7.21264e+05 -1.02391e+08 -5.59893e+07\n",
      "  -5.44969e+07 -2.83881e+07 -5.47907e+05 -8.37200e+06  4.99125e+07\n",
      "   2.46866e+07 -6.28525e+05  1.04163e+07]\n",
      " [-1.50642e+06 -8.10129e+03  1.59529e+09 -1.71140e+04 -8.32412e+08\n",
      "  -4.53258e+05 -2.75025e+08  1.50540e+08  2.11668e+08  1.49346e+05\n",
      "  -2.74122e+08  1.51007e+08  2.11674e+08  3.17966e+05 -2.57074e+07\n",
      "   6.01296e+02  1.29334e+09 -1.48303e+02 -2.49681e+08 -3.29119e+03\n",
      "  -4.95728e+07 -1.36419e+07 -4.26633e+05  4.11680e+06 -4.95660e+07\n",
      "  -1.36384e+07 -4.26636e+05  4.11809e+06]\n",
      " [-2.90256e+07 -4.13670e+07  1.20912e+06 -5.67244e+07  4.65693e+07\n",
      "  -2.45703e+09 -2.39237e+09 -1.23783e+09  2.09424e+05 -4.46953e+08\n",
      "   2.43856e+09  1.26225e+09  3.17966e+05  4.55569e+08 -2.29394e+06\n",
      "   1.58536e+06  6.71419e+05 -2.61609e+05  2.91620e+05 -2.02032e+07\n",
      "  -1.85995e+07 -9.48624e+06  7.00812e+03 -3.36231e+06  1.90873e+07\n",
      "   9.67238e+06 -2.19754e+04  3.42040e+06]\n",
      " [ 1.69330e+07  3.23549e+04  2.72040e+07  4.43728e+04  2.38374e+08\n",
      "   1.92015e+06  9.24029e+07  6.23119e+06 -2.57074e+07 -1.58862e+06\n",
      "   8.86275e+07  4.27739e+06 -2.57074e+07 -2.29394e+06  1.02459e+08\n",
      "  -1.23876e+03 -4.34737e+07  2.04937e+02  4.17852e+07  1.57876e+04\n",
      "   9.93532e+06  3.06215e+06  2.84256e+05 -7.13333e+05  9.90587e+06\n",
      "   3.04718e+06  2.84278e+05 -7.18634e+05]\n",
      " [-1.27509e+04 -1.45181e+05  1.03797e+02 -2.00666e+05  2.02641e+04\n",
      "  -8.60722e+06 -8.46509e+06 -4.38028e+06 -3.89704e+02 -1.58158e+06\n",
      "   8.48520e+06  4.39090e+06  6.01296e+02  1.58536e+06 -1.23876e+03\n",
      "   5.85864e+03  4.72171e+01 -1.07578e+03  1.38731e+02 -6.97676e+04\n",
      "  -6.57330e+04 -3.35145e+04  3.84316e+01 -1.19076e+04  6.59563e+04\n",
      "   3.35960e+04 -4.63034e+01  1.19322e+04]\n",
      " [-9.69626e+05 -1.21385e+03  1.11842e+10 -1.66601e+03 -3.72705e+09\n",
      "  -7.27532e+04 -1.09999e+09  1.16497e+09  1.29334e+09  6.44705e+05\n",
      "  -1.09985e+09  1.16505e+09  1.29334e+09  6.71419e+05 -4.34737e+07\n",
      "   4.72171e+01  8.59698e+09 -7.44094e+00 -1.32545e+09 -5.99445e+02\n",
      "  -2.16089e+08 -6.27694e+07 -3.22249e+06  1.98294e+07 -2.16088e+08\n",
      "  -6.27689e+07 -3.22249e+06  1.98296e+07]\n",
      " [ 2.10929e+03  4.64732e+04 -1.66917e+01  7.26676e+04 -3.35232e+03\n",
      "   1.08154e+06  1.39268e+06  7.19507e+05  1.13412e+02  2.60984e+05\n",
      "  -1.39600e+06 -7.21264e+05 -1.48303e+02 -2.61609e+05  2.04937e+02\n",
      "  -1.07578e+03 -7.44094e+00  3.99626e+03 -2.30111e+01 -1.55099e+04\n",
      "   4.15547e+03  4.15561e+03  1.88042e+02  2.47258e+03 -4.19243e+03\n",
      "  -4.16911e+03 -1.86740e+02 -2.47664e+03]\n",
      " [-1.77755e+06 -3.62744e+03 -1.46382e+09 -4.97506e+03  1.39927e+09\n",
      "  -2.15155e+05  5.01616e+08 -1.02610e+08 -2.49681e+08  2.12587e+05\n",
      "   5.02039e+08 -1.02391e+08 -2.49681e+08  2.91620e+05  4.17852e+07\n",
      "   1.38731e+02 -1.32545e+09 -2.30111e+01  3.57861e+08 -1.76889e+03\n",
      "   8.62172e+07  2.25454e+07  2.37978e+05 -6.56427e+06  8.62205e+07\n",
      "   2.25471e+07  2.37975e+05 -6.56368e+06]\n",
      " [ 1.62510e+05  1.69857e+06 -1.32062e+03  2.27383e+06 -2.58270e+05\n",
      "   1.12304e+08  1.07915e+08  5.58539e+07  5.95457e+02  2.01550e+07\n",
      "  -1.08171e+08 -5.59893e+07 -3.29119e+03 -2.02032e+07  1.57876e+04\n",
      "  -6.97676e+04 -5.99445e+02 -1.55099e+04 -1.76889e+03  1.09750e+06\n",
      "   8.89309e+05  4.37724e+05 -1.99419e+03  1.47840e+05 -8.92155e+05\n",
      "  -4.38764e+05  2.09451e+03 -1.48153e+05]\n",
      " [-1.33747e+06  1.68490e+06 -1.92175e+08  2.29698e+06  3.76957e+08\n",
      "   1.02906e+08  2.42492e+08  4.96102e+07 -4.95686e+07  1.89788e+07\n",
      "   4.13321e+07 -5.44969e+07 -4.95728e+07 -1.85995e+07  9.93532e+06\n",
      "  -6.57330e+04 -2.16089e+08  4.15547e+03  8.62172e+07  8.89309e+05\n",
      "   2.45719e+07  6.42105e+06 -2.04256e+04 -1.57287e+06  2.29789e+07\n",
      "   5.61843e+06 -1.85265e+04 -1.85346e+06]\n",
      " [-4.65941e+05  8.68311e+05 -5.98692e+07  1.18793e+06  9.67131e+07\n",
      "   5.21561e+07  8.72337e+07  2.45581e+07 -1.36397e+07  9.62633e+06\n",
      "  -1.50734e+07 -2.83881e+07 -1.36419e+07 -9.48624e+06  3.06215e+06\n",
      "  -3.35145e+04 -6.27694e+07  4.15561e+03  2.25454e+07  4.37724e+05\n",
      "   6.42105e+06  1.74139e+06  7.87511e+02 -3.67093e+05  5.61805e+06\n",
      "   1.33466e+06  1.54351e+03 -5.10356e+05]\n",
      " [ 5.38031e+04 -1.36318e+02 -4.54742e+06  1.83701e+02  1.30419e+05\n",
      "  -9.02072e+04 -1.80355e+05 -6.22220e+05 -4.26634e+05 -1.96998e+04\n",
      "  -3.69679e+04 -5.47907e+05 -4.26633e+05  7.00812e+03  2.84256e+05\n",
      "   3.84316e+01 -3.22249e+06  1.88042e+02  2.37978e+05 -1.99419e+03\n",
      "  -2.04256e+04  7.87511e+02  2.79391e+03 -9.34327e+02 -1.86181e+04\n",
      "   1.49668e+03  2.77027e+03 -7.86218e+02]\n",
      " [-1.39011e+05  3.13036e+05  1.98956e+07  4.30230e+05 -2.70311e+07\n",
      "   1.83784e+07  8.17260e+06  1.03742e+07  4.11764e+06  3.40531e+06\n",
      "  -2.80514e+07 -8.37200e+06  4.11680e+06 -3.36231e+06 -7.13333e+05\n",
      "  -1.19076e+04  1.98294e+07  2.47258e+03 -6.56427e+06  1.47840e+05\n",
      "  -1.57287e+06 -3.67093e+05 -9.34327e+02  1.52037e+05 -1.85365e+06\n",
      "  -5.10382e+05 -7.69601e+02  1.01036e+05]\n",
      " [-1.64063e+06 -1.69073e+06 -1.92172e+08 -2.30498e+06  3.77439e+08\n",
      "  -1.03252e+08  4.12309e+07 -5.45467e+07 -4.95703e+07 -1.86181e+07\n",
      "   2.43072e+08  4.99125e+07 -4.95660e+07  1.90873e+07  9.90587e+06\n",
      "   6.59563e+04 -2.16088e+08 -4.19243e+03  8.62205e+07 -8.92155e+05\n",
      "   2.29789e+07  5.61805e+06 -1.86181e+04 -1.85365e+06  2.45772e+07\n",
      "   6.42336e+06 -2.05212e+04 -1.57210e+06]\n",
      " [-6.20057e+05 -8.70441e+05 -5.98680e+07 -1.19085e+06  9.69580e+07\n",
      "  -5.22825e+07 -1.50762e+07 -2.83882e+07 -1.36407e+07 -9.48662e+06\n",
      "   8.74795e+07  2.46866e+07 -1.36384e+07  9.67238e+06  3.04718e+06\n",
      "   3.35960e+04 -6.27689e+07 -4.16911e+03  2.25471e+07 -4.38764e+05\n",
      "   5.61843e+06  1.33466e+06  1.49668e+03 -5.10382e+05  6.42336e+06\n",
      "   1.74237e+06  7.39195e+02 -3.66769e+05]\n",
      " [ 5.40361e+04  3.41910e+02 -4.54743e+06  9.82593e+01  1.30049e+05\n",
      "   1.02409e+05 -2.51564e+04 -5.41796e+05 -4.26634e+05  9.21458e+03\n",
      "  -1.92534e+05 -6.28525e+05 -4.26636e+05 -2.19754e+04  2.84278e+05\n",
      "  -4.63034e+01 -3.22249e+06 -1.86740e+02  2.37975e+05  2.09451e+03\n",
      "  -1.85265e+04  1.54351e+03  2.77027e+03 -7.69601e+02 -2.05212e+04\n",
      "   7.39195e+02  2.79405e+03 -9.51394e+02]\n",
      " [-1.93573e+05 -3.13679e+05  1.98961e+07 -4.31111e+05 -2.69444e+07\n",
      "  -1.84165e+07 -2.80458e+07 -8.36868e+06  4.11725e+06 -3.36122e+06\n",
      "   8.25312e+06  1.04163e+07  4.11809e+06  3.42040e+06 -7.18634e+05\n",
      "   1.19322e+04  1.98296e+07 -2.47664e+03 -6.56368e+06 -1.48153e+05\n",
      "  -1.85346e+06 -5.10356e+05 -7.86218e+02  1.01036e+05 -1.57210e+06\n",
      "  -3.66769e+05 -9.51394e+02  1.52143e+05]]\n",
      "K:\n",
      "[[    0.15409     0.01446 -1951.2598      0.01991   648.44134     0.90041\n",
      "    192.07183  -202.88776  -225.47773     0.05055   190.31842  -203.79499\n",
      "   -225.4777     -0.27698     7.42401    -0.00055 -1499.4689      0.00001\n",
      "    230.88528     0.00804    37.59751    10.92687     0.56224    -3.4508\n",
      "     37.58344    10.91984     0.56226    -3.45322]\n",
      " [    0.15146    -0.01387 -1951.25919    -0.01911   648.4448     -0.86547\n",
      "    190.35457  -203.77608  -225.47756    -0.27017   192.0393   -202.9044\n",
      "   -225.4776      0.04453     7.42372     0.00053 -1499.46832    -0.\n",
      "    230.88513    -0.00775    37.58369    10.91997     0.56226    -3.45317\n",
      "     37.59722    10.92673     0.56224    -3.45084]\n",
      " [   -0.15758     0.22295  -297.95532     0.38517 -2109.94446    -3.67173\n",
      "   -837.45662  -150.82531   161.01098    -0.12155  -837.23639  -150.69005\n",
      "    161.00957    -0.09692   -84.36854    -0.00155   257.91074     0.04026\n",
      "   -413.4131     -0.28823  -135.39778   -33.21553     0.54387     9.14809\n",
      "   -135.25395   -33.18567     0.53973     9.13738]\n",
      " [   -0.15747    -0.2232   -297.95293    -0.38553 -2109.94519     3.65638\n",
      "   -837.2517   -150.69764   161.00982    -0.09976  -837.44176  -150.81729\n",
      "    161.01124    -0.11875   -84.36853     0.00157   257.91253    -0.04026\n",
      "   -413.41333     0.28811  -135.2541    -33.18574     0.53973     9.13736\n",
      "   -135.3977    -33.21548     0.54387     9.14812]]\n",
      "show video:\n"
     ]
    },
    {
     "data": {
      "text/html": [
       "<table class=\"show_videos\" style=\"border-spacing:0px;\"><tr><td style=\"padding:1px;\"><video controls width=\"640\" height=\"480\" style=\"object-fit:cover;\" loop autoplay muted>\n",
