{
 "cells": [
  {
   "cell_type": "code",
   "execution_count": 112,
   "id": "53675a3c-52ee-4fd0-b35c-689aa8ced49f",
   "metadata": {},
   "outputs": [],
   "source": [
    "import copy\n",
    "import mujoco\n",
    "from dm_control import mjcf\n",
    "import numpy as np\n",
    "import cv2\n",
    "import scipy\n",
    "from scipy.spatial.transform import Rotation as Rotater\n",
    "import common\n",
    "from dm_control.mujoco import Physics\n",
    "from lxml import etree\n",
    "from dm_control.suite import base\n",
    "from dm_control.rl import control\n",
    "from dm_control import viewer\n",
    "import mediapy as media\n",
    "\n",
    "np.set_printoptions(precision=5, suppress=True)"
   ]
  },
  {
   "cell_type": "code",
   "execution_count": 113,
   "id": "bb4e2694",
   "metadata": {},
   "outputs": [],
   "source": [
    "\n",
    "def compute_gains(model, data, configuration, Q, R):\n",
    "    # 1. Set configuration and find control that stabilizes it (ctrl0)\n",
    "    newdata = mujoco.MjData(model)\n",
    "    newdata = copy.copy(data)\n",
    "\n",
    "    mujoco.mj_resetData(model, newdata)\n",
    "    newdata.qpos = configuration\n",
    "    # compute the control\n",
    "    mujoco.mj_forward(model, newdata)\n",
    "    newdata.qacc = 0\n",
    "    mujoco.mj_inverse(model, newdata)\n",
    "\n",
    "    # define control and configuration to linearize around\n",
    "    # print(newdata.qfrc_actuator)\n",
    "    ctrl0 = newdata.qfrc_inverse.copy() @ np.linalg.pinv(newdata.actuator_moment)\n",
    "    # ctrl0[:] = 0\n",
    "    qpos0 = newdata.qpos.copy()\n",
    "    print('ctrl0:\\n', ctrl0)\n",
    "    print('qpos0:\\n', qpos0)\n",
    "\n",
    "    # 2. Compute LQR gains given weights\n",
    "    mujoco.mj_resetData(model, newdata)\n",
    "    newdata.ctrl = ctrl0\n",
    "    newdata.qpos = qpos0\n",
    "    # print('newdata.ctrl:\\n', newdata.ctrl)\n",
    "\n",
    "    # 3. Allocate the A and B matrices, compute them.\n",
    "    A = np.zeros((2 * model.nv, 2 * model.nv))\n",
    "    B = np.zeros((2 * model.nv, model.nu))\n",
    "    epsilon = 1e-6\n",
    "    flg_centered = True\n",
    "    mujoco.mjd_transitionFD(model, newdata, epsilon, flg_centered, A, B, None, None)\n",
    "    \n",
    "\n",
    "    #print A, B, Q, R in format 'A:\\n{}\\n'\n",
    "    print('A:\\n{}\\nB:\\n{}\\nQ:\\n{}\\nR:\\n{}'.format(A.shape, B.shape, Q.shape, R.shape))\n",
    "    print('A:\\n{}\\nB:\\n{}\\nQ:\\n{}\\nR:\\n{}'.format(A, B, Q, R))\n",
    "\n",
    "    # return None, None\n",
    "\n",
    "    # Solve discrete Riccati equation.\n",
    "    P = scipy.linalg.solve_discrete_are(A, B, Q, R)\n",
    "    print('P:\\n{}'.format(P.shape))\n",
    "\n",
    "    # Compute the feedback gain matrix K.\n",
    "    K = np.linalg.inv(R + B.T @ P @ B) @ B.T @ P @ A\n",
    "\n",
    "    #print P, K in format 'A:\\n{}\\n'\n",
    "    print('P:\\n{}\\nK:\\n{}'.format(P, K))\n",
    "\n",
    "    return ctrl0, K"
   ]
  },
  {
   "cell_type": "code",
   "execution_count": 114,
   "id": "bdeba0d3-33fe-4c14-b218-e43cdac591c7",
   "metadata": {},
   "outputs": [
    {
     "name": "stdout",
     "output_type": "stream",
     "text": [
      "sim_model.nv: 14 sim_model.nu: 4 sim_model.nq: 15 sim_model.na: 0\n",
      "sim_data.qpos: [0.    0.    0.111 1.    0.    0.    0.    0.    0.    0.    0.    0.\n",
      " 0.    0.    0.   ] \n",
      "sim_data.qvel: [0. 0. 0. 0. 0. 0. 0. 0. 0. 0. 0. 0. 0. 0.] \n",
      "sim_data.qacc: [0. 0. 0. 0. 0. 0. 0. 0. 0. 0. 0. 0. 0. 0.] \n",
      "sim_data.ctrl: [0. 0. 0. 0.]\n",
      "sim_data.site_xpos: [[0. 0. 0.]] \n",
      "sim_data.site_xmat: [[0. 0. 0. 0. 0. 0. 0. 0. 0.]]\n",
      "ang_euler: [0, 0, 0] quat: [0. 0. 0. 1.]\n",
      "ctrl0:\n",
      " [0.04161 0.04161 0.      0.     ]\n",
      "qpos0:\n",
      " [0.    0.    0.111 1.    0.    0.    0.    0.    0.    0.    0.    0.\n",
      " 0.    0.    0.   ]\n",
      "A:\n",
      "(28, 28)\n",
      "B:\n",
      "(28, 4)\n",
      "Q:\n",
      "(28, 28)\n",
      "R:\n",
      "(4, 4)\n",
      "A:\n",
      "[[ 1.       0.       0.       0.      -0.       0.      -0.00005 -0.00001\n",
      "   0.00001  0.      -0.00005 -0.00001  0.00001  0.       0.002   -0.\n",
      "   0.       0.      -0.       0.      -0.      -0.       0.       0.\n",
      "  -0.      -0.       0.       0.     ]\n",
      " [ 0.       1.       0.       0.       0.       0.      -0.00001  0.00001\n",
      "   0.00001 -0.       0.00001 -0.00001 -0.00001 -0.      -0.       0.002\n",
      "   0.       0.      -0.       0.      -0.       0.       0.      -0.\n",
      "   0.      -0.      -0.       0.     ]\n",
      " [ 0.       0.       1.       0.      -0.       0.       0.00003 -0.00002\n",
      "  -0.00002  0.       0.00003 -0.00002 -0.00002  0.       0.       0.\n",
      "   0.002    0.       0.       0.       0.      -0.      -0.       0.\n",
      "   0.      -0.      -0.       0.     ]\n",
      " [ 0.       0.       0.       1.      -0.       0.00003  0.00047 -0.00023\n",
      "  -0.00035  0.      -0.00047  0.00023  0.00035  0.       0.       0.\n",
      "   0.       0.002    0.      -0.       0.00001 -0.00001 -0.00001  0.\n",
      "  -0.00001  0.00001  0.00001 -0.     ]\n",
      " [ 0.       0.       0.      -0.       1.      -0.       0.00251  0.00096\n",
      "  -0.00002  0.       0.00251  0.00096 -0.00002  0.      -0.       0.\n",
      "   0.      -0.       0.002   -0.       0.00009  0.00004 -0.       0.\n",
      "   0.00009  0.00004 -0.       0.     ]\n",
      " [ 0.       0.       0.      -0.00003 -0.       1.       0.00182  0.00049\n",
      "  -0.0002   0.      -0.00182 -0.00049  0.0002   0.       0.       0.\n",
      "   0.      -0.       0.       0.002    0.00006  0.00002 -0.00001 -0.\n",
      "  -0.00006 -0.00002  0.00001  0.     ]\n",
      " [ 0.       0.       0.       0.      -0.       0.       0.99192 -0.00129\n",
      "   0.00158  0.      -0.00049 -0.00019  0.       0.      -0.      -0.\n",
      "   0.       0.       0.       0.       0.00173 -0.00006  0.00006  0.\n",
      "  -0.00002 -0.00001  0.      -0.     ]\n",
      " [-0.       0.       0.      -0.       0.       0.      -0.00043  0.99497\n",
      "  -0.00396  0.       0.00008  0.00003 -0.       0.       0.       0.\n",
      "  -0.      -0.      -0.      -0.      -0.00007  0.00179 -0.00016  0.\n",
      "   0.       0.      -0.       0.     ]\n",
      " [-0.       0.       0.       0.      -0.       0.       0.00043 -0.00495\n",
      "   0.99474  0.      -0.00008 -0.00003  0.       0.      -0.      -0.\n",
      "   0.       0.       0.       0.       0.00007 -0.00021  0.00177 -0.\n",
      "  -0.      -0.       0.      -0.     ]\n",
      " [-0.       0.       0.       0.       0.      -0.       0.00015  0.00013\n",
      "   0.00006  1.      -0.00005 -0.00002  0.      -0.       0.      -0.\n",
      "   0.       0.       0.      -0.       0.00001  0.00001  0.       0.002\n",
      "  -0.      -0.       0.      -0.     ]\n",
      " [ 0.       0.       0.      -0.      -0.      -0.      -0.00049 -0.00019\n",
      "   0.       0.       0.99192 -0.00129  0.00158  0.      -0.       0.\n",
      "   0.      -0.       0.      -0.      -0.00002 -0.00001  0.      -0.\n",
      "   0.00173 -0.00006  0.00006  0.     ]\n",
      " [ 0.       0.       0.       0.       0.      -0.       0.00008  0.00003\n",
      "  -0.       0.      -0.00043  0.99497 -0.00396  0.       0.      -0.\n",
      "  -0.       0.      -0.       0.       0.       0.      -0.       0.\n",
      "  -0.00007  0.00179 -0.00016  0.     ]\n",
      " [ 0.       0.       0.      -0.      -0.      -0.      -0.00008 -0.00003\n",
      "   0.       0.       0.00043 -0.00495  0.99474  0.      -0.       0.\n",
      "   0.      -0.       0.      -0.      -0.      -0.       0.      -0.\n",
      "   0.00007 -0.00021  0.00177 -0.     ]\n",
      " [-0.       0.       0.      -0.       0.       0.      -0.00005 -0.00002\n",
      "   0.      -0.       0.00015  0.00013  0.00006  1.       0.       0.\n",
      "   0.      -0.       0.       0.      -0.      -0.       0.      -0.\n",
      "   0.00001  0.00001  0.       0.002  ]\n",
      " [ 0.       0.       0.       0.      -0.00047  0.      -0.02365 -0.00355\n",
      "   0.00514  0.      -0.02365 -0.00355  0.00514  0.       1.      -0.\n",
      "   0.       0.      -0.00001  0.      -0.00082 -0.00021  0.00016  0.\n",
      "  -0.00082 -0.00021  0.00016  0.     ]\n",
      " [ 0.       0.       0.       0.00047  0.       0.00035 -0.00408  0.00374\n",
      "   0.00444 -0.       0.00408 -0.00374 -0.00444 -0.      -0.       1.\n",
      "   0.       0.00001 -0.       0.      -0.00009  0.00016  0.00018 -0.\n",
      "   0.00009 -0.00016 -0.00018  0.     ]\n",
      " [ 0.       0.       0.       0.      -0.00035  0.       0.0135  -0.00967\n",
      "  -0.01247  0.       0.0135  -0.00967 -0.01247  0.       0.       0.\n",
      "   1.       0.       0.       0.       0.00034 -0.0004  -0.00051  0.\n",
      "   0.00034 -0.0004  -0.00051  0.     ]\n",
      " [-0.       0.       0.      -0.0001  -0.       0.       0.23453 -0.11578\n",
      "  -0.17321  0.      -0.23453  0.11578  0.17321  0.       0.       0.00001\n",
      "  -0.       0.99962  0.      -0.00005  0.00639 -0.00474 -0.00702  0.\n",
      "  -0.00639  0.00474  0.00702 -0.     ]\n",
      " [-0.       0.       0.      -0.      -0.0001  -0.       1.25649  0.48077\n",
      "  -0.01066 -0.       1.25649  0.48077 -0.01066 -0.      -0.00001  0.\n",
      "   0.      -0.       0.99953 -0.       0.04423  0.01883 -0.00173  0.00001\n",
      "   0.04423  0.01883 -0.00173  0.00001]\n",
      " [-0.       0.       0.      -0.      -0.      -0.       0.90937  0.24704\n",
      "  -0.09783  0.      -0.90937 -0.24704  0.09783  0.       0.       0.\n",
      "   0.      -0.00005  0.       0.99949  0.03167  0.01098 -0.00353 -0.\n",
      "  -0.03167 -0.01098  0.00353  0.     ]\n",
      " [ 0.       0.       0.       0.00001 -0.00002  0.      -4.04101 -0.64682\n",
      "   0.78814  0.      -0.24617 -0.09594  0.00051  0.      -0.      -0.\n",
      "   0.       0.00004  0.0001   0.00008  0.86533 -0.02944  0.03056  0.\n",
      "  -0.00867 -0.00371  0.00032 -0.     ]\n",
      " [-0.       0.       0.      -0.00002  0.00001  0.      -0.2143  -2.51252\n",
      "  -1.97886  0.       0.04002  0.01523 -0.0004   0.       0.       0.\n",
      "  -0.      -0.00006 -0.00002 -0.00002 -0.03372  0.89398 -0.08176  0.00001\n",
      "   0.00141  0.00059 -0.00007  0.     ]\n",
      " [-0.       0.       0.       0.00002 -0.00001  0.       0.2157  -2.47653\n",
      "  -2.63175  0.      -0.03771 -0.01438  0.00036  0.      -0.      -0.\n",
      "   0.       0.00006  0.00002  0.00002  0.03343 -0.10521  0.8864  -0.00001\n",
      "  -0.00133 -0.00055  0.00006 -0.     ]\n",
      " [-0.       0.       0.       0.       0.      -0.       0.07433  0.06639\n",
      "   0.02978 -0.      -0.02604 -0.00992  0.00026 -0.       0.      -0.\n",
      "   0.       0.       0.00001 -0.       0.00308  0.00289  0.00131  0.99805\n",
      "  -0.00092 -0.00039  0.00004 -0.     ]\n",
      " [ 0.       0.       0.      -0.00001 -0.00002 -0.      -0.24617 -0.09594\n",
      "   0.00051  0.      -4.04101 -0.64682  0.78814  0.      -0.       0.\n",
      "   0.      -0.00004  0.0001  -0.00008 -0.00867 -0.00371  0.00032 -0.\n",
      "   0.86533 -0.02944  0.03056  0.     ]\n",
      " [ 0.       0.       0.       0.00002  0.00001 -0.       0.04002  0.01523\n",
      "  -0.0004   0.      -0.2143  -2.51252 -1.97886  0.       0.      -0.\n",
      "  -0.       0.00006 -0.00002  0.00002  0.00141  0.00059 -0.00007  0.\n",
      "  -0.03372  0.89398 -0.08176  0.00001]\n",
      " [ 0.       0.       0.      -0.00002 -0.00001 -0.      -0.03771 -0.01438\n",
      "   0.00036  0.       0.2157  -2.47653 -2.63175  0.      -0.       0.\n",
      "   0.      -0.00006  0.00002 -0.00002 -0.00133 -0.00055  0.00006 -0.\n",
      "   0.03343 -0.10521  0.8864  -0.00001]\n",
      " [-0.       0.       0.      -0.       0.       0.      -0.02604 -0.00992\n",
      "   0.00026 -0.       0.07433  0.06639  0.02978 -0.       0.       0.\n",
      "   0.      -0.       0.00001  0.      -0.00092 -0.00039  0.00004 -0.\n",
      "   0.00308  0.00289  0.00131  0.99805]]\n",
      "B:\n",
      "[[ 0.00001  0.00001 -0.      -0.     ]\n",
      " [ 0.      -0.       0.      -0.     ]\n",
      " [-0.00001 -0.00001 -0.      -0.     ]\n",
      " [-0.00017  0.00017 -0.       0.     ]\n",
      " [-0.00042 -0.00042 -0.      -0.     ]\n",
      " [-0.00032  0.00032  0.      -0.     ]\n",
      " [ 0.00172  0.00008 -0.       0.     ]\n",
      " [-0.00117 -0.00001 -0.      -0.     ]\n",
      " [ 0.00118  0.00001  0.       0.     ]\n",
      " [-0.       0.00001  0.00039  0.     ]\n",
      " [ 0.00008  0.00172  0.      -0.     ]\n",
      " [-0.00001 -0.00117 -0.      -0.     ]\n",
      " [ 0.00001  0.00118  0.       0.     ]\n",
      " [ 0.00001 -0.       0.       0.00039]\n",
      " [ 0.00422  0.00422 -0.00003 -0.00003]\n",
      " [ 0.00193 -0.00193  0.      -0.     ]\n",
      " [-0.00568 -0.00568 -0.      -0.     ]\n",
      " [-0.08592  0.08592 -0.00005  0.00005]\n",
      " [-0.20756 -0.20756 -0.00096 -0.00096]\n",
      " [-0.1579   0.1579   0.00014 -0.00014]\n",
      " [ 0.85927  0.04058 -0.00008  0.00021]\n",
      " [-0.58741 -0.00667 -0.00124 -0.00004]\n",
      " [ 0.5879   0.00628  0.00127  0.00003]\n",
      " [-0.00159  0.0043   0.19471  0.00002]\n",
      " [ 0.04058  0.85927  0.00021 -0.00008]\n",
      " [-0.00667 -0.58741 -0.00004 -0.00124]\n",
      " [ 0.00628  0.5879   0.00003  0.00127]\n",
      " [ 0.0043  -0.00159  0.00002  0.19471]]\n",
      "Q:\n",
      "[[1. 0. 0. 0. 0. 0. 0. 0. 0. 0. 0. 0. 0. 0. 0. 0. 0. 0. 0. 0. 0. 0. 0. 0.\n",
      "  0. 0. 0. 0.]\n",
      " [0. 1. 0. 0. 0. 0. 0. 0. 0. 0. 0. 0. 0. 0. 0. 0. 0. 0. 0. 0. 0. 0. 0. 0.\n",
      "  0. 0. 0. 0.]\n",
      " [0. 0. 1. 0. 0. 0. 0. 0. 0. 0. 0. 0. 0. 0. 0. 0. 0. 0. 0. 0. 0. 0. 0. 0.\n",
      "  0. 0. 0. 0.]\n",
      " [0. 0. 0. 1. 0. 0. 0. 0. 0. 0. 0. 0. 0. 0. 0. 0. 0. 0. 0. 0. 0. 0. 0. 0.\n",
      "  0. 0. 0. 0.]\n",
      " [0. 0. 0. 0. 1. 0. 0. 0. 0. 0. 0. 0. 0. 0. 0. 0. 0. 0. 0. 0. 0. 0. 0. 0.\n",
      "  0. 0. 0. 0.]\n",
      " [0. 0. 0. 0. 0. 1. 0. 0. 0. 0. 0. 0. 0. 0. 0. 0. 0. 0. 0. 0. 0. 0. 0. 0.\n",
      "  0. 0. 0. 0.]\n",
      " [0. 0. 0. 0. 0. 0. 1. 0. 0. 0. 0. 0. 0. 0. 0. 0. 0. 0. 0. 0. 0. 0. 0. 0.\n",
      "  0. 0. 0. 0.]\n",
      " [0. 0. 0. 0. 0. 0. 0. 1. 0. 0. 0. 0. 0. 0. 0. 0. 0. 0. 0. 0. 0. 0. 0. 0.\n",
      "  0. 0. 0. 0.]\n",
      " [0. 0. 0. 0. 0. 0. 0. 0. 1. 0. 0. 0. 0. 0. 0. 0. 0. 0. 0. 0. 0. 0. 0. 0.\n",
      "  0. 0. 0. 0.]\n",
      " [0. 0. 0. 0. 0. 0. 0. 0. 0. 1. 0. 0. 0. 0. 0. 0. 0. 0. 0. 0. 0. 0. 0. 0.\n",
      "  0. 0. 0. 0.]\n",
      " [0. 0. 0. 0. 0. 0. 0. 0. 0. 0. 1. 0. 0. 0. 0. 0. 0. 0. 0. 0. 0. 0. 0. 0.\n",
      "  0. 0. 0. 0.]\n",
      " [0. 0. 0. 0. 0. 0. 0. 0. 0. 0. 0. 1. 0. 0. 0. 0. 0. 0. 0. 0. 0. 0. 0. 0.\n",
      "  0. 0. 0. 0.]\n",
      " [0. 0. 0. 0. 0. 0. 0. 0. 0. 0. 0. 0. 1. 0. 0. 0. 0. 0. 0. 0. 0. 0. 0. 0.\n",
      "  0. 0. 0. 0.]\n",
      " [0. 0. 0. 0. 0. 0. 0. 0. 0. 0. 0. 0. 0. 1. 0. 0. 0. 0. 0. 0. 0. 0. 0. 0.\n",
      "  0. 0. 0. 0.]\n",
      " [0. 0. 0. 0. 0. 0. 0. 0. 0. 0. 0. 0. 0. 0. 1. 0. 0. 0. 0. 0. 0. 0. 0. 0.\n",
      "  0. 0. 0. 0.]\n",
      " [0. 0. 0. 0. 0. 0. 0. 0. 0. 0. 0. 0. 0. 0. 0. 1. 0. 0. 0. 0. 0. 0. 0. 0.\n",
      "  0. 0. 0. 0.]\n",
      " [0. 0. 0. 0. 0. 0. 0. 0. 0. 0. 0. 0. 0. 0. 0. 0. 1. 0. 0. 0. 0. 0. 0. 0.\n",
      "  0. 0. 0. 0.]\n",
      " [0. 0. 0. 0. 0. 0. 0. 0. 0. 0. 0. 0. 0. 0. 0. 0. 0. 1. 0. 0. 0. 0. 0. 0.\n",
      "  0. 0. 0. 0.]\n",
      " [0. 0. 0. 0. 0. 0. 0. 0. 0. 0. 0. 0. 0. 0. 0. 0. 0. 0. 1. 0. 0. 0. 0. 0.\n",
      "  0. 0. 0. 0.]\n",
      " [0. 0. 0. 0. 0. 0. 0. 0. 0. 0. 0. 0. 0. 0. 0. 0. 0. 0. 0. 1. 0. 0. 0. 0.\n",
      "  0. 0. 0. 0.]\n",
      " [0. 0. 0. 0. 0. 0. 0. 0. 0. 0. 0. 0. 0. 0. 0. 0. 0. 0. 0. 0. 1. 0. 0. 0.\n",
      "  0. 0. 0. 0.]\n",
      " [0. 0. 0. 0. 0. 0. 0. 0. 0. 0. 0. 0. 0. 0. 0. 0. 0. 0. 0. 0. 0. 1. 0. 0.\n",
      "  0. 0. 0. 0.]\n",
      " [0. 0. 0. 0. 0. 0. 0. 0. 0. 0. 0. 0. 0. 0. 0. 0. 0. 0. 0. 0. 0. 0. 1. 0.\n",
      "  0. 0. 0. 0.]\n",
      " [0. 0. 0. 0. 0. 0. 0. 0. 0. 0. 0. 0. 0. 0. 0. 0. 0. 0. 0. 0. 0. 0. 0. 1.\n",
      "  0. 0. 0. 0.]\n",
      " [0. 0. 0. 0. 0. 0. 0. 0. 0. 0. 0. 0. 0. 0. 0. 0. 0. 0. 0. 0. 0. 0. 0. 0.\n",
      "  1. 0. 0. 0.]\n",
      " [0. 0. 0. 0. 0. 0. 0. 0. 0. 0. 0. 0. 0. 0. 0. 0. 0. 0. 0. 0. 0. 0. 0. 0.\n",
      "  0. 1. 0. 0.]\n",
      " [0. 0. 0. 0. 0. 0. 0. 0. 0. 0. 0. 0. 0. 0. 0. 0. 0. 0. 0. 0. 0. 0. 0. 0.\n",
      "  0. 0. 1. 0.]\n",
      " [0. 0. 0. 0. 0. 0. 0. 0. 0. 0. 0. 0. 0. 0. 0. 0. 0. 0. 0. 0. 0. 0. 0. 0.\n",
      "  0. 0. 0. 1.]]\n",
      "R:\n",
      "[[1. 0. 0. 0.]\n",
      " [0. 1. 0. 0.]\n",
      " [0. 0. 1. 0.]\n",
      " [0. 0. 0. 1.]]\n",
      "P:\n",
      "(28, 28)\n",
      "P:\n",
      "[[ 5.21883e+05 -2.54503e+00 -8.54457e+05 -2.67880e+01 -4.90482e+06\n",
      "  -4.00542e+01 -1.15134e+06 -2.38969e+07 -2.16065e+07 -4.66308e+01\n",
      "  -1.15133e+06 -2.38969e+07 -2.16065e+07 -4.67571e+01  5.06214e+08\n",
      "  -3.04537e+01 -6.73609e+08 -7.68024e+01 -3.88118e+07 -9.51168e+01\n",
      "  -1.62490e+07 -8.40258e+05  1.77422e+05 -1.24644e+05 -1.62489e+07\n",
      "  -8.40256e+05  1.77420e+05 -1.24644e+05]\n",
      " [-2.54503e+00  8.70890e+03  4.34762e+00  6.50102e+04  2.89228e+01\n",
      "   9.34611e+04  1.68533e+04  3.19506e+03  1.36511e+02  9.94009e-02\n",
      "  -1.68397e+04 -2.91270e+03  1.18783e+02 -9.93878e-02 -2.99075e+03\n",
      "   7.95257e+04  3.97983e+03  1.77429e+05  2.29296e+02  2.18270e+05\n",
      "   6.30698e+04  1.48324e+03 -1.93274e+03  1.40965e+00 -6.28778e+04\n",
      "  -1.47332e+03  1.93065e+03  6.30946e-02]\n",
      " [-8.54457e+05  4.34762e+00  1.41930e+06  4.57531e+01  8.38250e+06\n",
      "   6.84114e+01  1.96663e+06  4.08751e+07  3.69571e+07  5.92414e+01\n",
      "   1.96661e+06  4.08751e+07  3.69571e+07  5.94574e+01 -8.65922e+08\n",
      "   5.20151e+01  1.15229e+09  1.31173e+02  6.63882e+07  1.62452e+02\n",
      "   2.77946e+07  1.43697e+06 -3.03519e+05  2.13200e+05  2.77945e+07\n",
      "   1.43697e+06 -3.03516e+05  2.13200e+05]\n",
      " [-2.67880e+01  6.50102e+04  4.57531e+01  7.10372e+05  3.04391e+02\n",
      "   1.04796e+06  1.86779e+05  3.57376e+04  3.07360e+03  1.07101e+00\n",
      "  -1.86636e+05 -3.27660e+04 -3.86807e+02 -1.07109e+00 -3.14756e+04\n",
      "   8.10611e+05  4.18850e+04  2.02302e+06  2.41319e+03  2.50538e+06\n",
      "   7.23073e+05  1.76288e+04 -2.21507e+04  1.54819e+01 -7.21052e+05\n",
      "  -1.75243e+04  2.21286e+04  1.76791e-02]\n",
      " [-4.90482e+06  2.89228e+01  8.38250e+06  3.04391e+02  5.56637e+07\n",
      "   4.55134e+02  1.30502e+07  2.71653e+08  2.45617e+08  2.42450e+02\n",
      "   1.30501e+07  2.71653e+08  2.45617e+08  2.43886e+02 -5.75457e+09\n",
      "   3.46051e+02  7.65764e+09  8.72687e+02  4.41203e+08  1.08079e+03\n",
      "   1.84716e+08  9.55095e+06 -2.01695e+06  1.41691e+06  1.84715e+08\n",
      "   9.55093e+06 -2.01693e+06  1.41691e+06]\n",
      " [-4.00542e+01  9.34611e+04  6.84114e+01  1.04796e+06  4.55134e+02\n",
      "   1.55687e+06  2.77277e+05  5.27591e+04  5.43717e+03  1.56757e+00\n",
      "  -2.77064e+05 -4.83159e+04 -1.41981e+03 -1.56768e+00 -4.70630e+04\n",
      "   1.19008e+06  6.26274e+04  3.00837e+06  3.60825e+03  3.73427e+06\n",
      "   1.07731e+06  2.66435e+04 -3.29963e+04  2.31083e+01 -1.07429e+06\n",
      "  -2.64873e+04  3.29633e+04  6.70359e-02]\n",
      " [-1.15134e+06  1.68533e+04  1.96663e+06  1.86779e+05  1.30502e+07\n",
      "   2.77277e+05  3.11533e+06  6.36948e+07  5.75806e+07  6.13013e+01\n",
      "   3.01043e+06  6.36757e+07  5.75805e+07  6.00027e+01 -1.34905e+09\n",
      "   2.12732e+05  1.79518e+09  5.34792e+05  1.03432e+08  6.64142e+05\n",
      "   4.34945e+07  2.24387e+06 -4.78684e+05  3.32175e+05  4.31119e+07\n",
      "   2.23439e+06 -4.66960e+05  3.32170e+05]\n",
      " [-2.38969e+07  3.19506e+03  4.08751e+07  3.57376e+04  2.71653e+08\n",
      "   5.27591e+04  6.36948e+07  1.32587e+09  1.19879e+09  1.10075e+03\n",
      "   6.36749e+07  1.32587e+09  1.19879e+09  1.10667e+03 -2.80870e+10\n",
      "   4.05259e+04  3.73756e+10  1.02305e+05  2.15341e+09  1.26305e+05\n",
      "   9.01593e+08  4.66149e+07 -9.84561e+06  6.91558e+06  9.01520e+08\n",
      "   4.66131e+07 -9.84337e+06  6.91557e+06]\n",
      " [-2.16065e+07  1.36511e+02  3.69571e+07  3.07360e+03  2.45617e+08\n",
      "   5.43717e+03  5.75806e+07  1.19879e+09  1.08390e+09  9.98123e+02\n",
      "   5.75798e+07  1.19879e+09  1.08389e+09  1.00405e+03 -2.53950e+10\n",
      "   3.16397e+03  3.37933e+10  1.04116e+04  1.94702e+09  1.40162e+04\n",
      "   8.15152e+08  4.21466e+07 -8.90106e+06  6.25276e+06  8.15144e+08\n",
      "   4.21463e+07 -8.90081e+06  6.25276e+06]\n",
      " [-4.66308e+01  9.94009e-02  5.92414e+01  1.07101e+00  2.42450e+02\n",
      "   1.56757e+00  6.13013e+01  1.10075e+03  9.98123e+02  5.05218e+02\n",
      "   5.96662e+01  1.09967e+03  9.97713e+02  6.25434e-02 -2.29729e+04\n",
      "   1.22628e+00  3.05202e+04  3.02525e+00  1.77794e+03  3.72519e+00\n",
      "   7.43170e+02  4.00304e+01 -7.95316e+00  1.03958e+01  7.40941e+02\n",
      "   3.99151e+01 -7.89315e+00  5.74432e+00]\n",
      " [-1.15133e+06 -1.68397e+04  1.96661e+06 -1.86636e+05  1.30501e+07\n",
      "  -2.77064e+05  3.01043e+06  6.36749e+07  5.75798e+07  5.96662e+01\n",
      "   3.11525e+06  6.36940e+07  5.75799e+07  6.16379e+01 -1.34903e+09\n",
      "  -2.12570e+05  1.79516e+09 -5.34383e+05  1.03431e+08 -6.63636e+05\n",
      "   4.31115e+07  2.23437e+06 -4.66959e+05  3.32166e+05  4.34938e+07\n",
      "   2.24383e+06 -4.78674e+05  3.32171e+05]\n",
      " [-2.38969e+07 -2.91270e+03  4.08751e+07 -3.27660e+04  2.71653e+08\n",
      "  -4.83159e+04  6.36757e+07  1.32587e+09  1.19879e+09  1.09967e+03\n",
      "   6.36940e+07  1.32587e+09  1.19879e+09  1.10775e+03 -2.80870e+10\n",
      "  -3.71476e+04  3.73756e+10 -9.37850e+04  2.15341e+09 -1.15754e+05\n",
      "   9.01523e+08  4.66132e+07 -9.84347e+06  6.91557e+06  9.01590e+08\n",
      "   4.66148e+07 -9.84552e+06  6.91558e+06]\n",
      " [-2.16065e+07  1.18783e+02  3.69571e+07 -3.86807e+02  2.45617e+08\n",
      "  -1.41981e+03  5.75805e+07  1.19879e+09  1.08389e+09  9.97713e+02\n",
      "   5.75799e+07  1.19879e+09  1.08390e+09  1.00446e+03 -2.53950e+10\n",
      "  -1.09461e+02  3.37933e+10 -2.70861e+03  1.94702e+09 -4.47632e+03\n",
      "   8.15146e+08  4.21464e+07 -8.90090e+06  6.25276e+06  8.15149e+08\n",
      "   4.21465e+07 -8.90098e+06  6.25276e+06]\n",
      " [-4.67571e+01 -9.93878e-02  5.94574e+01 -1.07109e+00  2.43886e+02\n",
      "  -1.56768e+00  6.00027e+01  1.10667e+03  1.00405e+03  6.25434e-02\n",
      "   6.16379e+01  1.10775e+03  1.00446e+03  5.05218e+02 -2.31213e+04\n",
      "  -1.22636e+00  3.07177e+04 -3.02555e+00  1.78932e+03 -3.72559e+00\n",
      "   7.45706e+02  4.01614e+01 -7.94517e+00  5.78086e+00  7.47934e+02\n",
      "   4.02768e+01 -8.00519e+00  1.04324e+01]\n",
      " [ 5.06214e+08 -2.99075e+03 -8.65922e+08 -3.14756e+04 -5.75457e+09\n",
      "  -4.70630e+04 -1.34905e+09 -2.80870e+10 -2.53950e+10 -2.29729e+04\n",
      "  -1.34903e+09 -2.80870e+10 -2.53950e+10 -2.31213e+04  5.94993e+11\n",
      "  -3.57834e+04 -7.91763e+11 -9.02401e+04 -4.56176e+10 -1.11759e+05\n",
      "  -1.90985e+10 -9.87457e+08  2.08547e+08 -1.46499e+08 -1.90985e+10\n",
      "  -9.87456e+08  2.08545e+08 -1.46499e+08]\n",
      " [-3.04537e+01  7.95257e+04  5.20151e+01  8.10611e+05  3.46051e+02\n",
      "   1.19008e+06  2.12732e+05  4.05259e+04  3.16397e+03  1.22628e+00\n",
      "  -2.12570e+05 -3.71476e+04 -1.09461e+02 -1.22636e+00 -3.57834e+04\n",
      "   9.40113e+05  4.76175e+04  2.28757e+06  2.74346e+03  2.82977e+06\n",
      "   8.16843e+05  1.98023e+04 -2.50248e+04  1.75423e+01 -8.14546e+05\n",
      "  -1.96835e+04  2.49997e+04  7.86463e-02]\n",
      " [-6.73609e+08  3.97983e+03  1.15229e+09  4.18850e+04  7.65764e+09\n",
      "   6.26274e+04  1.79518e+09  3.73756e+10  3.37933e+10  3.05202e+04\n",
      "   1.79516e+09  3.73756e+10  3.37933e+10  3.07177e+04 -7.91763e+11\n",
      "   4.76175e+04  1.05361e+12  1.20084e+05  6.07037e+10  1.48719e+05\n",
      "   2.54146e+10  1.31402e+09 -2.77515e+08  1.94947e+08  2.54145e+10\n",
      "   1.31401e+09 -2.77513e+08  1.94947e+08]\n",
      " [-7.68024e+01  1.77429e+05  1.31173e+02  2.02302e+06  8.72687e+02\n",
      "   3.00837e+06  5.34792e+05  1.02305e+05  1.04116e+04  3.02525e+00\n",
      "  -5.34383e+05 -9.37850e+04 -2.70861e+03 -3.02555e+00 -9.02401e+04\n",
      "   2.28757e+06  1.20084e+05  5.82896e+06  6.91857e+03  7.23471e+06\n",
      "   2.08719e+06  5.15534e+04 -6.39293e+04  4.45439e+01 -2.08140e+06\n",
      "  -5.12538e+04  6.38660e+04 -1.06796e-01]\n",
      " [-3.88118e+07  2.29296e+02  6.63882e+07  2.41319e+03  4.41203e+08\n",
      "   3.60825e+03  1.03432e+08  2.15341e+09  1.94702e+09  1.77794e+03\n",
      "   1.03431e+08  2.15341e+09  1.94702e+09  1.78932e+03 -4.56176e+10\n",
      "   2.74346e+03  6.07037e+10  6.91857e+03  3.49747e+09  8.56837e+03\n",
      "   1.46427e+09  7.57081e+07 -1.59891e+07  1.12319e+07  1.46426e+09\n",
      "   7.57080e+07 -1.59889e+07  1.12319e+07]\n",
      " [-9.51168e+01  2.18270e+05  1.62452e+02  2.50538e+06  1.08079e+03\n",
      "   3.73427e+06  6.64142e+05  1.26305e+05  1.40162e+04  3.72519e+00\n",
      "  -6.63636e+05 -1.15754e+05 -4.47632e+03 -3.72559e+00 -1.11759e+05\n",
      "   2.82977e+06  1.48719e+05  7.23471e+06  8.56837e+03  8.98952e+06\n",
      "   2.59291e+06  6.44997e+04 -7.94120e+04  5.52474e+01 -2.58574e+06\n",
      "  -6.41287e+04  7.93336e+04 -2.13846e-01]\n",
      " [-1.62490e+07  6.30698e+04  2.77946e+07  7.23073e+05  1.84716e+08\n",
      "   1.07731e+06  4.34945e+07  9.01593e+08  8.15152e+08  7.43170e+02\n",
      "   4.31115e+07  9.01523e+08  8.15146e+08  7.45706e+02 -1.90985e+10\n",
      "   8.16843e+05  2.54146e+10  2.08719e+06  1.46427e+09  2.59291e+06\n",
      "   6.13784e+08  3.17148e+07 -6.71694e+06  4.70243e+06  6.12291e+08\n",
      "   3.16777e+07 -6.67115e+06  4.70242e+06]\n",
      " [-8.40258e+05  1.48324e+03  1.43697e+06  1.76288e+04  9.55095e+06\n",
      "   2.66435e+04  2.24387e+06  4.66149e+07  4.21466e+07  4.00304e+01\n",
      "   2.23437e+06  4.66132e+07  4.21464e+07  4.01614e+01 -9.87457e+08\n",
      "   1.98023e+04  1.31402e+09  5.15534e+04  7.57081e+07  6.44997e+04\n",
      "   3.17148e+07  1.63934e+06 -3.46669e+05  2.43134e+05  3.16777e+07\n",
      "   1.63838e+06 -3.45532e+05  2.43134e+05]\n",
      " [ 1.77422e+05 -1.93274e+03 -3.03519e+05 -2.21507e+04 -2.01695e+06\n",
      "  -3.29963e+04 -4.78684e+05 -9.84561e+06 -8.90106e+06 -7.95316e+00\n",
      "  -4.66959e+05 -9.84347e+06 -8.90090e+06 -7.94517e+00  2.08547e+08\n",
      "  -2.50248e+04 -2.77515e+08 -6.39293e+04 -1.59891e+07 -7.94120e+04\n",
      "  -6.71694e+06 -3.46669e+05  7.38005e+04 -5.13482e+04 -6.67119e+06\n",
      "  -3.45535e+05  7.23951e+04 -5.13477e+04]\n",
      " [-1.24644e+05  1.40965e+00  2.13200e+05  1.54819e+01  1.41691e+06\n",
      "   2.31083e+01  3.32175e+05  6.91558e+06  6.25276e+06  1.03958e+01\n",
      "   3.32166e+05  6.91557e+06  6.25276e+06  5.78086e+00 -1.46499e+08\n",
      "   1.75423e+01  1.94947e+08  4.45439e+01  1.12319e+07  5.52474e+01\n",
      "   4.70243e+06  2.43134e+05 -5.13482e+04  3.60765e+04  4.70240e+06\n",
      "   2.43133e+05 -5.13472e+04  3.60709e+04]\n",
      " [-1.62489e+07 -6.28778e+04  2.77945e+07 -7.21052e+05  1.84715e+08\n",
      "  -1.07429e+06  4.31119e+07  9.01520e+08  8.15144e+08  7.40941e+02\n",
      "   4.34938e+07  9.01590e+08  8.15149e+08  7.47934e+02 -1.90985e+10\n",
      "  -8.14546e+05  2.54145e+10 -2.08140e+06  1.46426e+09 -2.58574e+06\n",
      "   6.12291e+08  3.16777e+07 -6.67119e+06  4.70240e+06  6.13780e+08\n",
      "   3.17146e+07 -6.71685e+06  4.70242e+06]\n",
      " [-8.40256e+05 -1.47332e+03  1.43697e+06 -1.75243e+04  9.55093e+06\n",
      "  -2.64873e+04  2.23439e+06  4.66131e+07  4.21463e+07  3.99151e+01\n",
      "   2.24383e+06  4.66148e+07  4.21465e+07  4.02768e+01 -9.87456e+08\n",
      "  -1.96835e+04  1.31401e+09 -5.12538e+04  7.57080e+07 -6.41287e+04\n",
      "   3.16777e+07  1.63838e+06 -3.45535e+05  2.43133e+05  3.17146e+07\n",
      "   1.63934e+06 -3.46665e+05  2.43134e+05]\n",
      " [ 1.77420e+05  1.93065e+03 -3.03516e+05  2.21286e+04 -2.01693e+06\n",
      "   3.29633e+04 -4.66960e+05 -9.84337e+06 -8.90081e+06 -7.89315e+00\n",
      "  -4.78674e+05 -9.84552e+06 -8.90098e+06 -8.00519e+00  2.08545e+08\n",
      "   2.49997e+04 -2.77513e+08  6.38660e+04 -1.59889e+07  7.93336e+04\n",
      "  -6.67115e+06 -3.45532e+05  7.23951e+04 -5.13472e+04 -6.71685e+06\n",
      "  -3.46665e+05  7.37992e+04 -5.13477e+04]\n",
      " [-1.24644e+05  6.30946e-02  2.13200e+05  1.76791e-02  1.41691e+06\n",
      "   6.70359e-02  3.32170e+05  6.91557e+06  6.25276e+06  5.74432e+00\n",
      "   3.32171e+05  6.91558e+06  6.25276e+06  1.04324e+01 -1.46499e+08\n",
      "   7.86463e-02  1.94947e+08 -1.06796e-01  1.12319e+07 -2.13846e-01\n",
      "   4.70242e+06  2.43134e+05 -5.13477e+04  3.60709e+04  4.70242e+06\n",
      "   2.43134e+05 -5.13477e+04  3.60765e+04]]\n",
      "K:\n",
      "[[ -0.33478   0.40048  -0.1949    7.13221   1.55075  12.06944   4.97703\n",
      "    2.279     2.0681    0.00411  -1.5898    1.95056   2.15185   0.0053\n",
      "  -15.38679   7.58638  17.11276  23.11806   2.79112  30.62142   9.98358\n",
      "    0.14763   0.08096   0.01236  -7.77618  -0.10027   0.26791   0.0134 ]\n",
      " [ -0.33405  -0.40048  -0.19613  -7.13221   1.54254 -12.06945  -1.59172\n",
      "    1.91046   2.11559   0.0053    4.9751    2.23889   2.03184   0.00411\n",
      "  -14.53724  -7.58639  15.98226 -23.11808   2.72599 -30.62144  -7.80346\n",
      "   -0.10168   0.2682    0.01319   9.95632   0.14622   0.08125   0.01216]\n",
      " [  0.0107    0.0007    0.00634   0.0127   -0.03494   0.02154   0.13709\n",
      "    0.11215   0.03501   0.90718  -0.09717  -0.07131  -0.03814  -0.00009\n",
      "    0.38115   0.01348  -0.41794   0.04128  -0.05426   0.05472   0.00461\n",
      "    0.00652   0.00266   0.9064   -0.0384   -0.00353  -0.00087  -0.00023]\n",
      " [  0.0107   -0.0007    0.00634  -0.0127   -0.03496  -0.02154  -0.09717\n",
      "   -0.07141  -0.03822  -0.00009   0.13708   0.11206   0.03492   0.90718\n",
      "    0.3832   -0.01348  -0.42066  -0.04128  -0.05442  -0.05472  -0.03847\n",
      "   -0.00354  -0.00087  -0.00023   0.00455   0.00652   0.00266   0.9064 ]]\n",
      "sim_data.time: 0.0\n",
      "sim_data.qpos:\n",
      " [ 0.      -0.       0.11096  1.      -0.      -0.00002 -0.       0.00007\n",
      " -0.00005  0.00005  0.       0.00007 -0.00005  0.00005  0.     ]\n",
      "sim_data.time: 0.002\n",
      "sim_data.qpos:\n",
      " [ 0.00001  0.       0.11087  1.      -0.      -0.00017 -0.       0.00077\n",
      " -0.00051  0.00051 -0.       0.00073 -0.00049  0.00049 -0.     ]\n",
      "sim_data.time: 0.004\n",
      "sim_data.qpos:\n",
      " [ 0.00002  0.       0.11074  1.      -0.00001 -0.00048 -0.00001  0.00218\n",
      " -0.00152  0.00153 -0.00001  0.00206 -0.00143  0.00144 -0.     ]\n",
      "sim_data.time: 0.006\n",
      "sim_data.qpos:\n",
      " [ 0.00004  0.       0.11055  1.      -0.00001 -0.00094 -0.00002  0.0043\n",
      " -0.00311  0.00314 -0.00001  0.00406 -0.00292  0.00296 -0.00001]\n",
      "sim_data.time: 0.008\n",
      "sim_data.qpos:\n",
      " [ 0.00006  0.       0.11032  1.      -0.00002 -0.00153 -0.00004  0.00707\n",
      " -0.00532  0.00541 -0.00003  0.00666 -0.005    0.00508 -0.00002]\n",
      "sim_data.time: 0.01\n",
      "sim_data.qpos:\n",
      " [ 0.00009  0.       0.11004  1.      -0.00003 -0.00222 -0.00006  0.01041\n",
      " -0.00817  0.00834 -0.00005  0.00981 -0.00767  0.00783 -0.00004]\n",
      "sim_data.time: 0.012\n",
      "sim_data.qpos:\n",
      " [ 0.00012  0.       0.10971  1.      -0.00005 -0.00299 -0.00007  0.01423\n",
      " -0.01167  0.01196 -0.00007  0.01343 -0.01097  0.01124 -0.00007]\n",
      "sim_data.time: 0.014\n",
      "sim_data.qpos:\n",
      " [ 0.00016  0.       0.10933  0.99999 -0.00006 -0.00382 -0.00009  0.01844\n",
      " -0.01583  0.01629 -0.0001   0.01746 -0.01491  0.01534 -0.0001 ]\n",
      "sim_data.time: 0.016\n",
      "sim_data.qpos:\n",
      " [ 0.0002   0.       0.10891  0.99999 -0.00007 -0.00468 -0.0001   0.02293\n",
      " -0.02066  0.02134 -0.00014  0.0218  -0.01952  0.02016 -0.00014]\n",
      "sim_data.time: 0.018000000000000002\n",
      "sim_data.qpos:\n",
      " [ 0.00023  0.       0.10844  0.99998 -0.00008 -0.00554 -0.00011  0.02763\n",
      " -0.02616  0.02714 -0.00019  0.02638 -0.0248   0.02572 -0.00019]\n",
      "sim_data.time: 0.020000000000000004\n",
      "sim_data.qpos:\n",
      " [ 0.00027  0.       0.10792  0.99998 -0.00009 -0.0064  -0.00011  0.03249\n",
      " -0.03235  0.03369 -0.00024  0.03113 -0.03076  0.03202 -0.00024]\n",
      "sim_data.time: 0.022000000000000006\n",
      "sim_data.qpos:\n",
      " [ 0.00031  0.       0.10735  0.99997 -0.0001  -0.00723 -0.00011  0.0375\n",
      " -0.03921  0.04097 -0.0003   0.03604 -0.03739  0.03906 -0.00031]\n",
      "sim_data.time: 0.024000000000000007\n",
      "sim_data.qpos:\n",
      " [ 0.00035  0.00001  0.10674  0.99997 -0.00011 -0.00805 -0.00012  0.04265\n",
      " -0.04674  0.04899 -0.00037  0.0411  -0.04469  0.04683 -0.00038]\n",
      "sim_data.time: 0.02600000000000001\n",
      "sim_data.qpos:\n",
      " [ 0.00038  0.00001  0.1061   0.99996 -0.00012 -0.00874 -0.00012  0.04803\n",
      " -0.05507  0.05788 -0.00031  0.04642 -0.05284  0.05552 -0.00033]\n",
      "sim_data.time: 0.02800000000000001\n",
      "sim_data.qpos:\n",
      " [ 0.00041  0.00001  0.10545  0.99996 -0.00016 -0.00922 -0.00017  0.05339\n",
      " -0.06397  0.06739 -0.00021  0.0515  -0.06144  0.06469 -0.00012]\n",
      "sim_data.time: 0.030000000000000013\n",
      "sim_data.qpos:\n",
      " [ 0.00044  0.00004  0.10479  0.99995 -0.00026 -0.0095  -0.00035  0.0589\n",
      " -0.07352  0.07758 -0.00014  0.05621 -0.07031  0.07418  0.00028]\n",
      "sim_data.time: 0.032000000000000015\n",
      "sim_data.qpos:\n",
      " [ 0.00046  0.00007  0.10411  0.99995 -0.00042 -0.00963 -0.00062  0.06457\n",
      " -0.08367  0.08844 -0.0001   0.06062 -0.07944  0.08395  0.0008 ]\n",
      "sim_data.time: 0.034000000000000016\n",
      "sim_data.qpos:\n",
      " [ 0.00048  0.00013  0.10342  0.99995 -0.00065 -0.00961 -0.00099  0.07041\n",
      " -0.09441  0.09992 -0.00008  0.06479 -0.08881  0.09399  0.0014 ]\n",
      "sim_data.time: 0.03600000000000002\n",
      "sim_data.qpos:\n",
      " [ 0.0005   0.0002   0.10271  0.99995 -0.00094 -0.00948 -0.00144  0.07642\n",
      " -0.10571  0.112   -0.00007  0.06877 -0.09842  0.10428  0.00203]\n",
      "sim_data.time: 0.03800000000000002\n",
      "sim_data.qpos:\n",
      " [ 0.00051  0.00028  0.10199  0.99995 -0.00129 -0.00926 -0.00196  0.08261\n",
      " -0.11756  0.12465 -0.00008  0.07262 -0.10824  0.1148   0.00268]\n",
      "sim_data.time: 0.04000000000000002\n",
      "sim_data.qpos:\n",
      " [ 0.00052  0.00038  0.10125  0.99996 -0.00169 -0.00895 -0.00252  0.08899\n",
      " -0.12993  0.13786 -0.0001   0.07637 -0.11827  0.12553  0.00332]\n",
      "sim_data.time: 0.04200000000000002\n",
      "sim_data.qpos:\n",
      " [ 0.00053  0.00049  0.10049  0.99996 -0.00216 -0.00858 -0.00314  0.09556\n",
      " -0.14281  0.15161 -0.00011  0.08005 -0.12848  0.13645  0.00393]\n",
      "sim_data.time: 0.044000000000000025\n",
      "sim_data.qpos:\n",
      " [ 0.00054  0.00062  0.09971  0.99996 -0.00269 -0.00816 -0.0038   0.10233\n",
      " -0.1562   0.16589 -0.00013  0.0837  -0.13888  0.14755  0.00451]\n",
      "sim_data.time: 0.04600000000000003\n",
      "sim_data.qpos:\n",
      " [ 0.00055  0.00077  0.09891  0.99995 -0.00328 -0.00769 -0.00449  0.1093\n",
      " -0.17008  0.18067 -0.00014  0.08732 -0.14944  0.15882  0.00505]\n",
      "sim_data.time: 0.04800000000000003\n",
      "sim_data.qpos:\n",
      " [ 0.00056  0.00093  0.0981   0.99995 -0.00392 -0.00719 -0.00521  0.11648\n",
      " -0.18445  0.19596 -0.00015  0.09095 -0.16016  0.17024  0.00554]\n",
      "sim_data.time: 0.05000000000000003\n",
      "sim_data.qpos:\n",
      " [ 0.00057  0.0011   0.09727  0.99995 -0.00463 -0.00666 -0.00596  0.12386\n",
      " -0.19929  0.21173 -0.00016  0.09457 -0.17102  0.1818   0.00598]\n",
      "sim_data.time: 0.05200000000000003\n",
      "sim_data.qpos:\n",
      " [ 0.00057  0.00129  0.09642  0.99994 -0.00539 -0.0061  -0.00674  0.13144\n",
      " -0.2146   0.22797 -0.00017  0.0982  -0.18203  0.19348  0.00639]\n",
      "sim_data.time: 0.054000000000000034\n",
      "sim_data.qpos:\n",
      " [ 0.00058  0.00149  0.09555  0.99994 -0.00621 -0.00551 -0.00755  0.13923\n",
      " -0.23037  0.24467 -0.00017  0.10181 -0.19316  0.20528  0.00675]\n",
      "sim_data.time: 0.056000000000000036\n",
      "sim_data.qpos:\n",
      " [ 0.00058  0.00171  0.09466  0.99993 -0.0071  -0.00489 -0.00838  0.14722\n",
      " -0.24658  0.26182 -0.00018  0.1054  -0.20442  0.21719  0.00709]\n",
      "sim_data.time: 0.05800000000000004\n",
      "sim_data.qpos:\n",
      " [ 0.00059  0.00194  0.09375  0.99992 -0.00804 -0.00425 -0.00925  0.1554\n",
      " -0.26322  0.27939 -0.00017  0.10896 -0.2158   0.22919  0.00741]\n",
      "sim_data.time: 0.06000000000000004\n",
      "sim_data.qpos:\n",
      " [ 0.00059  0.00219  0.09282  0.9999  -0.00904 -0.00357 -0.01015  0.16379\n",
      " -0.28028  0.29737 -0.00017  0.1125  -0.22728  0.24127  0.0077 ]\n",
      "sim_data.time: 0.06200000000000004\n",
      "sim_data.qpos:\n",
      " [ 0.00059  0.00244  0.09187  0.99988 -0.01011 -0.00287 -0.01107  0.17237\n",
      " -0.29775  0.31575 -0.00016  0.11601 -0.23887  0.25344  0.00796]\n",
      "sim_data.time: 0.06400000000000004\n",
      "sim_data.qpos:\n",
      " [ 0.00059  0.00272  0.0909   0.99986 -0.01124 -0.00216 -0.01202  0.18114\n",
      " -0.31562  0.33451 -0.00015  0.11951 -0.25055  0.26568  0.0082 ]\n",
      "sim_data.time: 0.06600000000000004\n",
      "sim_data.qpos:\n",
      " [ 0.00059  0.003    0.08991  0.99984 -0.01243 -0.00143 -0.01298  0.1901\n",
      " -0.33388  0.35364 -0.00014  0.12301 -0.26232  0.27798  0.00839]\n",
      "sim_data.time: 0.06800000000000005\n",
      "sim_data.qpos:\n",
      " [ 0.0006   0.0033   0.0889   0.99981 -0.01368 -0.0007  -0.01396  0.19924\n",
      " -0.35252  0.37312 -0.00012  0.12655 -0.27417  0.29033  0.00855]\n",
      "sim_data.time: 0.07000000000000005\n",
      "sim_data.qpos:\n",
      " [ 0.0006   0.00362  0.08787  0.99978 -0.01501  0.00002 -0.01493  0.20856\n",
      " -0.37152  0.39293 -0.0001   0.13015 -0.28609  0.30274  0.00865]\n",
      "sim_data.time: 0.07200000000000005\n",
      "sim_data.qpos:\n",
      " [ 0.0006   0.00394  0.08682  0.99974 -0.0164   0.0007  -0.0159   0.21807\n",
      " -0.39087  0.41308 -0.00008  0.13387 -0.29808  0.31519  0.00868]\n",
      "sim_data.time: 0.07400000000000005\n",
      "sim_data.qpos:\n",
      " [ 0.0006   0.00429  0.08575  0.9997  -0.01786  0.00135 -0.01686  0.22774\n",
      " -0.41057  0.43353 -0.00005  0.13776 -0.31011  0.32768  0.00863]\n",
      "sim_data.time: 0.07600000000000005\n",
      "sim_data.qpos:\n",
      " [ 0.0006   0.00464  0.08466  0.99965 -0.01939  0.00194 -0.01778  0.23758\n",
      " -0.4306   0.45428 -0.00003  0.14183 -0.32219  0.34019  0.0085 ]\n",
      "sim_data.time: 0.07800000000000006\n",
      "sim_data.qpos:\n",
      " [ 0.00061  0.00501  0.08356  0.9996  -0.02099  0.00246 -0.01868  0.24759\n",
