{
 "cells": [
  {
   "cell_type": "code",
   "execution_count": 169,
   "id": "53675a3c-52ee-4fd0-b35c-689aa8ced49f",
   "metadata": {},
   "outputs": [],
   "source": [
    "import copy\n",
    "import mujoco\n",
    "from dm_control import mjcf\n",
    "import numpy as np\n",
    "import cv2\n",
    "import scipy\n",
    "from scipy.spatial.transform import Rotation as Rotater\n",
    "import common\n",
    "from dm_control.mujoco import Physics\n",
    "from lxml import etree\n",
    "from dm_control.suite import base\n",
    "from dm_control.rl import control\n",
    "from dm_control import viewer\n",
    "import mediapy as media\n",
    "\n",
    "np.set_printoptions(precision=5, suppress=True)"
   ]
  },
  {
   "cell_type": "code",
   "execution_count": 170,
   "id": "bb4e2694",
   "metadata": {},
   "outputs": [],
   "source": [
    "\n",
    "def compute_gains(model, data, configuration, Q, R):\n",
    "    # 1. Set configuration and find control that stabilizes it (ctrl0)\n",
    "    newdata = mujoco.MjData(model)\n",
    "    newdata = copy.copy(data)\n",
    "\n",
    "    mujoco.mj_resetData(model, newdata)\n",
    "    newdata.qpos = configuration\n",
    "    # compute the control\n",
    "    mujoco.mj_forward(model, newdata)\n",
    "    newdata.qacc = 0\n",
    "    mujoco.mj_inverse(model, newdata)\n",
    "\n",
    "    # define control and configuration to linearize around\n",
    "    # print(newdata.qfrc_actuator)\n",
    "    ctrl0 = newdata.qfrc_inverse.copy() @ np.linalg.pinv(newdata.actuator_moment)\n",
    "    # ctrl0[:] = 0\n",
    "    qpos0 = newdata.qpos.copy()\n",
    "    print('ctrl0:\\n', ctrl0)\n",
    "    print('qpos0:\\n', qpos0)\n",
    "\n",
    "    # 2. Compute LQR gains given weights\n",
    "    mujoco.mj_resetData(model, newdata)\n",
    "    newdata.ctrl = ctrl0\n",
    "    newdata.qpos = qpos0\n",
    "    # print('newdata.ctrl:\\n', newdata.ctrl)\n",
    "\n",
    "    # 3. Allocate the A and B matrices, compute them.\n",
    "    A = np.zeros((2 * model.nv, 2 * model.nv))\n",
    "    B = np.zeros((2 * model.nv, model.nu))\n",
    "    epsilon = 1e-6\n",
    "    flg_centered = True\n",
    "    mujoco.mjd_transitionFD(model, newdata, epsilon, flg_centered, A, B, None, None)\n",
    "    \n",
    "\n",
    "    #print A, B, Q, R in format 'A:\\n{}\\n'\n",
    "    print('A:\\n{}\\nB:\\n{}\\nQ:\\n{}\\nR:\\n{}'.format(A.shape, B.shape, Q.shape, R.shape))\n",
    "    print('A:\\n{}\\nB:\\n{}\\nQ:\\n{}\\nR:\\n{}'.format(A, B, Q, R))\n",
    "\n",
    "    # return None, None\n",
    "\n",
    "    # Solve discrete Riccati equation.\n",
    "    P = scipy.linalg.solve_discrete_are(A, B, Q, R)\n",
    "    print('P:\\n{}'.format(P.shape))\n",
    "\n",
    "    # Compute the feedback gain matrix K.\n",
    "    K = np.linalg.inv(R + B.T @ P @ B) @ B.T @ P @ A\n",
    "\n",
    "    #print P, K in format 'A:\\n{}\\n'\n",
    "    print('P:\\n{}\\nK:\\n{}'.format(P, K))\n",
    "\n",
    "    return ctrl0, K"
   ]
  },
  {
   "cell_type": "code",
   "execution_count": 171,
   "id": "bdeba0d3-33fe-4c14-b218-e43cdac591c7",
   "metadata": {},
   "outputs": [
    {
     "name": "stdout",
     "output_type": "stream",
     "text": [
      "sim_model.nv: 14 sim_model.nu: 4 sim_model.nq: 15 sim_model.na: 0\n",
      "sim_data.qpos: [0.    0.    0.109 1.    0.    0.    0.    0.    0.    0.    0.    0.\n",
      " 0.    0.    0.   ] \n",
      "sim_data.qvel: [0. 0. 0. 0. 0. 0. 0. 0. 0. 0. 0. 0. 0. 0.] \n",
      "sim_data.qacc: [0. 0. 0. 0. 0. 0. 0. 0. 0. 0. 0. 0. 0. 0.] \n",
      "sim_data.ctrl: [0. 0. 0. 0.]\n",
      "sim_data.site_xpos: [[0. 0. 0.]] \n",
      "sim_data.site_xmat: [[0. 0. 0. 0. 0. 0. 0. 0. 0.]]\n",
      "ang_euler: [0, 0, 0] quat: [0. 0. 0. 1.]\n",
      "ctrl0:\n",
      " [0.00585 0.00585 0.      0.     ]\n",
      "qpos0:\n",
      " [0.    0.    0.109 1.    0.    0.    0.    0.    0.    0.    0.    0.\n",
      " 0.    0.    0.   ]\n",
      "A:\n",
      "(28, 28)\n",
      "B:\n",
      "(28, 4)\n",
      "Q:\n",
      "(28, 28)\n",
      "R:\n",
      "(4, 4)\n",
      "A:\n",
      "[[  1.        0.       -0.00007   0.        0.00002  -0.       -0.00005\n",
      "    0.        0.00001  -0.       -0.00005   0.        0.00001  -0.\n",
      "    0.002    -0.       -0.       -0.        0.       -0.       -0.\n",
      "   -0.        0.        0.       -0.       -0.        0.        0.     ]\n",
      " [ -0.        1.        0.        0.00055  -0.        0.       -0.00012\n",
      "   -0.0001    0.00004  -0.        0.00012   0.0001   -0.00004  -0.\n",
      "    0.        0.00189  -0.        0.       -0.        0.        0.\n",
      "   -0.        0.        0.       -0.        0.       -0.       -0.     ]\n",
      " [  0.        0.        0.99265   0.       -0.00002   0.        0.00012\n",
      "    0.00011  -0.00005   0.        0.00012   0.00011  -0.00005   0.\n",
      "    0.00001   0.        0.00177   0.       -0.        0.       -0.\n",
      "    0.       -0.       -0.       -0.        0.       -0.       -0.     ]\n",
      " [  0.        0.       -0.        0.99617   0.       -0.00001   0.0009\n",
      "    0.00074  -0.00026   0.       -0.0009   -0.00074   0.00026   0.\n",
      "   -0.       -0.00181   0.        0.00158   0.       -0.00001  -0.00001\n",
      "    0.00002  -0.00002  -0.        0.00001  -0.00002   0.00002   0.     ]\n",
      " [  0.        0.       -0.0132    0.        1.00024   0.        0.00693\n",
      "    0.00217  -0.        0.        0.00693   0.00217  -0.        0.\n",
      "    0.00216  -0.       -0.00039  -0.        0.00165   0.       -0.00002\n",
      "   -0.        0.00001  -0.00003  -0.00002  -0.        0.00001  -0.00003]\n",
      " [  0.        0.        0.       -0.00134   0.        1.        0.00692\n",
      "    0.00199  -0.00012   0.       -0.00692  -0.00199   0.00012   0.\n",
      "    0.       -0.0001   -0.       -0.00006  -0.        0.00179  -0.00001\n",
      "    0.        0.       -0.00003   0.00001  -0.       -0.        0.00003]\n",
      " [  0.        0.       -0.02885  -0.00458  -0.00003  -0.        0.98655\n",
      "    0.00153   0.00068  -0.       -0.0034   -0.00131   0.00017  -0.\n",
      "    0.00011   0.00105  -0.00091   0.00003  -0.00002  -0.00006   0.00166\n",
      "   -0.00003   0.00003  -0.00002   0.00001  -0.00001   0.00001   0.00001]\n",
      " [ -0.        0.        0.08233   0.01066   0.00016  -0.        0.00365\n",
      "    0.9902   -0.00116  -0.        0.00069   0.00077  -0.00036  -0.\n",
      "    0.00026  -0.00208   0.00262  -0.       -0.00004  -0.00002  -0.00004\n",
      "    0.00166  -0.00007  -0.00001  -0.00001   0.00002  -0.00002   0.     ]\n",
      " [ -0.        0.       -0.0829   -0.01072  -0.00016   0.       -0.00365\n",
      "    0.00003   0.9918    0.       -0.00066  -0.00076   0.00037   0.\n",
      "   -0.00026   0.00209  -0.00263  -0.        0.00004   0.00002   0.00004\n",
      "   -0.00007   0.00169   0.00001   0.00001  -0.00002   0.00002  -0.     ]\n",
      " [  0.        0.       -0.00749  -0.00126  -0.00023  -0.        0.00355\n",
      "    0.00189   0.00009   1.       -0.00288  -0.00093   0.00002  -0.\n",
      "    0.00088   0.00027  -0.00023   0.00001  -0.00014  -0.00012  -0.00012\n",
      "   -0.00003   0.00001   0.00193   0.00001  -0.       -0.        0.00001]\n",
      " [  0.        0.       -0.02885   0.00458  -0.00003  -0.       -0.0034\n",
      "   -0.00131   0.00017   0.        0.98655   0.00153   0.00068  -0.\n",
      "    0.00011  -0.00105  -0.00091  -0.00003  -0.00002   0.00006   0.00001\n",
      "   -0.00001   0.00001   0.00001   0.00166  -0.00003   0.00003  -0.00002]\n",
      " [ -0.        0.        0.08233  -0.01066   0.00016   0.        0.00069\n",
      "    0.00077  -0.00036  -0.        0.00365   0.9902   -0.00116  -0.\n",
      "    0.00026   0.00208   0.00262   0.       -0.00004   0.00002  -0.00001\n",
      "    0.00002  -0.00002   0.       -0.00004   0.00166  -0.00007  -0.00001]\n",
      " [ -0.        0.       -0.0829    0.01072  -0.00016  -0.       -0.00066\n",
      "   -0.00076   0.00037  -0.       -0.00365   0.00003   0.9918   -0.\n",
      "   -0.00026  -0.00209  -0.00263   0.        0.00004  -0.00002   0.00001\n",
      "   -0.00002   0.00002  -0.        0.00004  -0.00007   0.00169   0.00001]\n",
      " [  0.        0.       -0.00749   0.00126  -0.00023   0.       -0.00288\n",
      "   -0.00093   0.00002   0.        0.00355   0.00189   0.00009   1.\n",
      "    0.00088  -0.00027  -0.00023  -0.00001  -0.00014   0.00012   0.00001\n",
      "   -0.       -0.        0.00001  -0.00012  -0.00003   0.00001   0.00193]\n",
      " [ -0.        0.       -0.03659   0.        0.00897  -0.       -0.02312\n",
      "    0.00185   0.00316  -0.       -0.02312   0.00185   0.00316  -0.\n",
      "    0.9994   -0.       -0.00125  -0.        0.00009  -0.       -0.0005\n",
      "   -0.00005   0.00012   0.00001  -0.0005   -0.00005   0.00012   0.00001]\n",
      " [ -0.        0.        0.        0.27463  -0.        0.00031  -0.05754\n",
      "   -0.04944   0.01794  -0.        0.05754   0.04944  -0.01794  -0.\n",
      "    0.        0.94691  -0.        0.00044  -0.        0.00074   0.00071\n",
      "   -0.00109   0.00114   0.00011  -0.00071   0.00109  -0.00114  -0.00011]\n",
      " [  0.        0.       -3.67531   0.       -0.00895  -0.        0.06038\n",
      "    0.05634  -0.02285   0.        0.06038   0.05634  -0.02285   0.\n",
      "    0.00528   0.        0.88334   0.       -0.00106   0.       -0.00076\n",
      "    0.00136  -0.00146  -0.00007  -0.00076   0.00136  -0.00146  -0.00007]\n",
      " [ -0.        0.       -0.       -1.91491   0.        0.        0.45008\n",
      "    0.3717   -0.12775   0.       -0.45008  -0.3717    0.12775   0.\n",
      "   -0.       -0.90507   0.        0.79167   0.       -0.00433  -0.00529\n",
      "    0.00795  -0.00806  -0.00096   0.00529  -0.00795   0.00806   0.00096]\n",
      " [  0.        0.       -6.60076   0.        0.12137   0.        3.46421\n",
      "    1.08643  -0.00234   0.        3.46421   1.08643  -0.00234   0.\n",
      "    1.08133  -0.       -0.19546  -0.        0.82731   0.       -0.01247\n",
      "   -0.00075   0.00276  -0.01451  -0.01247  -0.00075   0.00276  -0.01451]\n",
      " [ -0.        0.        0.       -0.67577   0.       -0.        3.45911\n",
      "    0.99681  -0.06076   0.       -3.45911  -0.99681   0.06076  -0.\n",
      "    0.       -0.04965  -0.       -0.02804  -0.        0.89311  -0.00626\n",
      "    0.00067   0.00001  -0.01359   0.00626  -0.00067  -0.00001   0.01359]\n",
      " [  0.        0.      -14.42333  -2.29218  -0.01477  -0.       -6.7233\n",
      "    0.76449   0.34167  -0.       -1.69815  -0.65601   0.0829   -0.\n",
      "    0.05318   0.52659  -0.45699   0.01349  -0.00932  -0.03175   0.83037\n",
      "   -0.01526   0.01598  -0.00769   0.00728  -0.00456   0.00413   0.00624]\n",
      " [ -0.        0.       41.16739   5.33122   0.08028  -0.        1.82366\n",
      "   -4.90128  -0.5816   -0.        0.34294   0.38329  -0.18226  -0.\n",
      "    0.12928  -1.03923   1.30808  -0.00009  -0.01817  -0.00876  -0.02167\n",
      "    0.82962  -0.03721  -0.00356  -0.00481   0.01051  -0.01173   0.00015]\n",
      " [ -0.        0.      -41.449    -5.36174  -0.08079   0.       -1.82689\n",
      "    0.01407  -4.09967   0.       -0.3297   -0.38174   0.18274   0.\n",
      "   -0.12976   1.04319  -1.31703  -0.00023   0.01823   0.00887   0.0209\n",
      "   -0.03691   0.84387   0.00361   0.00491  -0.01053   0.01177  -0.00018]\n",
      " [  0.        0.       -3.74485  -0.62807  -0.11539  -0.        1.7751\n",
      "    0.94513   0.04552  -0.       -1.43873  -0.46706   0.0124   -0.\n",
      "    0.4422    0.13561  -0.11746   0.00261  -0.07069  -0.06115  -0.06077\n",
      "   -0.01586   0.0047    0.96316   0.00473  -0.00063  -0.0003    0.00573]\n",
      " [  0.        0.      -14.42333   2.29218  -0.01477  -0.       -1.69815\n",
      "   -0.65601   0.0829    0.       -6.7233    0.76449   0.34167  -0.\n",
      "    0.05318  -0.52659  -0.45699  -0.01349  -0.00932   0.03175   0.00728\n",
      "   -0.00456   0.00413   0.00624   0.83037  -0.01526   0.01598  -0.00769]\n",
      " [ -0.        0.       41.16739  -5.33122   0.08028   0.        0.34294\n",
      "    0.38329  -0.18226  -0.        1.82366  -4.90128  -0.5816   -0.\n",
      "    0.12928   1.03923   1.30808   0.00009  -0.01817   0.00876  -0.00481\n",
      "    0.01051  -0.01173   0.00015  -0.02167   0.82962  -0.03721  -0.00356]\n",
      " [ -0.        0.      -41.449     5.36174  -0.08079  -0.       -0.3297\n",
      "   -0.38174   0.18274  -0.       -1.82689   0.01407  -4.09967  -0.\n",
      "   -0.12976  -1.04319  -1.31703   0.00023   0.01823  -0.00887   0.00491\n",
      "   -0.01053   0.01177  -0.00018   0.0209   -0.03691   0.84387   0.00361]\n",
      " [  0.        0.       -3.74485   0.62807  -0.11539   0.       -1.43873\n",
      "   -0.46706   0.0124    0.        1.7751    0.94513   0.04552  -0.\n",
      "    0.4422   -0.13561  -0.11746  -0.00261  -0.07069   0.06115   0.00473\n",
      "   -0.00063  -0.0003    0.00573  -0.06077  -0.01586   0.0047    0.96316]]\n",
      "B:\n",
      "[[ 0.00003  0.00003 -0.      -0.     ]\n",
      " [ 0.00011 -0.00011  0.      -0.     ]\n",
      " [-0.00013 -0.00013 -0.      -0.     ]\n",
      " [-0.00084  0.00084 -0.00002  0.00002]\n",
      " [-0.0031  -0.0031  -0.0003  -0.0003 ]\n",
      " [-0.00326  0.00326 -0.00027  0.00027]\n",
      " [ 0.00706  0.00179 -0.00016  0.00013]\n",
      " [-0.00331 -0.00093 -0.00008  0.     ]\n",
      " [ 0.00326  0.00092  0.00008 -0.     ]\n",
      " [-0.00157  0.00132  0.00348  0.00012]\n",
      " [ 0.00179  0.00706  0.00013 -0.00016]\n",
      " [-0.00093 -0.00331  0.      -0.00008]\n",
      " [ 0.00092  0.00326 -0.       0.00008]\n",
      " [ 0.00132 -0.00157  0.00012  0.00348]\n",
      " [ 0.01418  0.01418 -0.00026 -0.00026]\n",
      " [ 0.05647 -0.05647  0.00128 -0.00128]\n",
      " [-0.06597 -0.06597 -0.0009  -0.0009 ]\n",
      " [-0.42038  0.42038 -0.01097  0.01097]\n",
      " [-1.54752 -1.54752 -0.15101 -0.15101]\n",
      " [-1.63209  1.63209 -0.13429  0.13429]\n",
      " [ 3.53135  0.89514 -0.07918  0.06666]\n",
      " [-1.65413 -0.46307 -0.04125  0.00002]\n",
      " [ 1.63181  0.45808  0.04233 -0.00042]\n",
      " [-0.78605  0.66042  1.7395   0.06078]\n",
      " [ 0.89514  3.53135  0.06666 -0.07918]\n",
      " [-0.46307 -1.65413  0.00002 -0.04125]\n",
      " [ 0.45808  1.63181 -0.00042  0.04233]\n",
      " [ 0.66042 -0.78605  0.06078  1.7395 ]]\n",
      "Q:\n",
      "[[1. 0. 0. 0. 0. 0. 0. 0. 0. 0. 0. 0. 0. 0. 0. 0. 0. 0. 0. 0. 0. 0. 0. 0.\n",
      "  0. 0. 0. 0.]\n",
      " [0. 1. 0. 0. 0. 0. 0. 0. 0. 0. 0. 0. 0. 0. 0. 0. 0. 0. 0. 0. 0. 0. 0. 0.\n",
      "  0. 0. 0. 0.]\n",
      " [0. 0. 1. 0. 0. 0. 0. 0. 0. 0. 0. 0. 0. 0. 0. 0. 0. 0. 0. 0. 0. 0. 0. 0.\n",
      "  0. 0. 0. 0.]\n",
      " [0. 0. 0. 1. 0. 0. 0. 0. 0. 0. 0. 0. 0. 0. 0. 0. 0. 0. 0. 0. 0. 0. 0. 0.\n",
      "  0. 0. 0. 0.]\n",
      " [0. 0. 0. 0. 1. 0. 0. 0. 0. 0. 0. 0. 0. 0. 0. 0. 0. 0. 0. 0. 0. 0. 0. 0.\n",
      "  0. 0. 0. 0.]\n",
      " [0. 0. 0. 0. 0. 1. 0. 0. 0. 0. 0. 0. 0. 0. 0. 0. 0. 0. 0. 0. 0. 0. 0. 0.\n",
      "  0. 0. 0. 0.]\n",
      " [0. 0. 0. 0. 0. 0. 1. 0. 0. 0. 0. 0. 0. 0. 0. 0. 0. 0. 0. 0. 0. 0. 0. 0.\n",
      "  0. 0. 0. 0.]\n",
      " [0. 0. 0. 0. 0. 0. 0. 1. 0. 0. 0. 0. 0. 0. 0. 0. 0. 0. 0. 0. 0. 0. 0. 0.\n",
      "  0. 0. 0. 0.]\n",
      " [0. 0. 0. 0. 0. 0. 0. 0. 1. 0. 0. 0. 0. 0. 0. 0. 0. 0. 0. 0. 0. 0. 0. 0.\n",
      "  0. 0. 0. 0.]\n",
      " [0. 0. 0. 0. 0. 0. 0. 0. 0. 1. 0. 0. 0. 0. 0. 0. 0. 0. 0. 0. 0. 0. 0. 0.\n",
      "  0. 0. 0. 0.]\n",
      " [0. 0. 0. 0. 0. 0. 0. 0. 0. 0. 1. 0. 0. 0. 0. 0. 0. 0. 0. 0. 0. 0. 0. 0.\n",
      "  0. 0. 0. 0.]\n",
      " [0. 0. 0. 0. 0. 0. 0. 0. 0. 0. 0. 1. 0. 0. 0. 0. 0. 0. 0. 0. 0. 0. 0. 0.\n",
      "  0. 0. 0. 0.]\n",
      " [0. 0. 0. 0. 0. 0. 0. 0. 0. 0. 0. 0. 1. 0. 0. 0. 0. 0. 0. 0. 0. 0. 0. 0.\n",
      "  0. 0. 0. 0.]\n",
      " [0. 0. 0. 0. 0. 0. 0. 0. 0. 0. 0. 0. 0. 1. 0. 0. 0. 0. 0. 0. 0. 0. 0. 0.\n",
      "  0. 0. 0. 0.]\n",
      " [0. 0. 0. 0. 0. 0. 0. 0. 0. 0. 0. 0. 0. 0. 1. 0. 0. 0. 0. 0. 0. 0. 0. 0.\n",
      "  0. 0. 0. 0.]\n",
      " [0. 0. 0. 0. 0. 0. 0. 0. 0. 0. 0. 0. 0. 0. 0. 1. 0. 0. 0. 0. 0. 0. 0. 0.\n",
      "  0. 0. 0. 0.]\n",
      " [0. 0. 0. 0. 0. 0. 0. 0. 0. 0. 0. 0. 0. 0. 0. 0. 1. 0. 0. 0. 0. 0. 0. 0.\n",
      "  0. 0. 0. 0.]\n",
      " [0. 0. 0. 0. 0. 0. 0. 0. 0. 0. 0. 0. 0. 0. 0. 0. 0. 1. 0. 0. 0. 0. 0. 0.\n",
      "  0. 0. 0. 0.]\n",
      " [0. 0. 0. 0. 0. 0. 0. 0. 0. 0. 0. 0. 0. 0. 0. 0. 0. 0. 1. 0. 0. 0. 0. 0.\n",
      "  0. 0. 0. 0.]\n",
      " [0. 0. 0. 0. 0. 0. 0. 0. 0. 0. 0. 0. 0. 0. 0. 0. 0. 0. 0. 1. 0. 0. 0. 0.\n",
      "  0. 0. 0. 0.]\n",
      " [0. 0. 0. 0. 0. 0. 0. 0. 0. 0. 0. 0. 0. 0. 0. 0. 0. 0. 0. 0. 1. 0. 0. 0.\n",
      "  0. 0. 0. 0.]\n",
      " [0. 0. 0. 0. 0. 0. 0. 0. 0. 0. 0. 0. 0. 0. 0. 0. 0. 0. 0. 0. 0. 1. 0. 0.\n",
      "  0. 0. 0. 0.]\n",
      " [0. 0. 0. 0. 0. 0. 0. 0. 0. 0. 0. 0. 0. 0. 0. 0. 0. 0. 0. 0. 0. 0. 1. 0.\n",
      "  0. 0. 0. 0.]\n",
      " [0. 0. 0. 0. 0. 0. 0. 0. 0. 0. 0. 0. 0. 0. 0. 0. 0. 0. 0. 0. 0. 0. 0. 1.\n",
      "  0. 0. 0. 0.]\n",
      " [0. 0. 0. 0. 0. 0. 0. 0. 0. 0. 0. 0. 0. 0. 0. 0. 0. 0. 0. 0. 0. 0. 0. 0.\n",
      "  1. 0. 0. 0.]\n",
      " [0. 0. 0. 0. 0. 0. 0. 0. 0. 0. 0. 0. 0. 0. 0. 0. 0. 0. 0. 0. 0. 0. 0. 0.\n",
      "  0. 1. 0. 0.]\n",
      " [0. 0. 0. 0. 0. 0. 0. 0. 0. 0. 0. 0. 0. 0. 0. 0. 0. 0. 0. 0. 0. 0. 0. 0.\n",
      "  0. 0. 1. 0.]\n",
      " [0. 0. 0. 0. 0. 0. 0. 0. 0. 0. 0. 0. 0. 0. 0. 0. 0. 0. 0. 0. 0. 0. 0. 0.\n",
      "  0. 0. 0. 1.]]\n",
      "R:\n",
      "[[1. 0. 0. 0.]\n",
      " [0. 1. 0. 0.]\n",
      " [0. 0. 1. 0.]\n",
      " [0. 0. 0. 1.]]\n",
      "P:\n",
      "(28, 28)\n",
      "P:\n",
      "[[1179585.09761      -0.12012   15114.93164      -0.01941 -190272.51938\n",
      "       -0.01608  -93786.33812  -48897.9267      249.06645  -17504.61833\n",
      "   -93786.30625  -48897.91016     249.06693  -17504.61212   21128.58313\n",
      "       -0.001       157.59015      -0.00015   -1467.32187      -0.00013\n",
      "     -764.13136    -375.20148       5.88214    -133.5664     -764.13111\n",
      "     -375.20135       5.88213    -133.56635]\n",
      " [     -0.12012  552139.82327      -0.00181   87833.04735       0.02125\n",
      "    61429.47307   61868.46462   31860.19113     301.00709   11334.0856\n",
      "   -61868.44363  -31860.18045    -301.00681  -11334.08188      -0.0001\n",
      "     4650.55843      -0.00002     677.4394        0.00016     498.65658\n",
      "      478.04584     249.90184      -2.01487      88.0092     -478.04569\n",
      "     -249.90176       2.01488     -88.00917]\n",
      " [  15114.93164      -0.00181  391891.5281       -0.00025  -23210.54669\n",
      "       -0.00023   -6682.17135   -9856.14368    2553.48865    -504.17063\n",
      "    -6682.1709    -9856.14344    2553.48863    -504.17054  -20433.07831\n",
      "       -0.00002   12177.60157      -0.         -647.95333      -0.\n",
      "      242.21372     265.40651    -360.83429     -32.47078     242.21372\n",
      "      265.40651    -360.83429     -32.47078]\n",
      " [     -0.01941   87833.04735      -0.00025   35119.34841       0.00389\n",
      "     9401.54957   12233.75421    2415.62381    2260.27201    1747.4519\n",
      "   -12233.75038   -2415.62187   -2260.27196   -1747.45128       0.00048\n",
      "    -1651.79525       0.          227.13579       0.00003     -42.67965\n",
      "      101.79291      84.59328     -52.11752      11.63955    -101.79289\n",
      "      -84.59326      52.11752     -11.63955]\n",
      " [-190272.51938       0.02125  -23210.54669       0.00389  440619.60417\n",
      "        0.00277  217544.59287  109715.0057     8265.11381    8686.46632\n",
      "   217544.58824  109715.00319    8265.11316    8686.46515  441600.63509\n",
      "        0.00015    1518.71056       0.00002    3597.29383       0.00002\n",
      "      172.12932     824.91086     200.65048     366.68539     172.12928\n",
      "      824.91084     200.65048     366.68538]\n",
      " [     -0.01608   61429.47307      -0.00023    9401.54957       0.00277\n",
      "    13578.09754   13778.29505    6892.91999     192.39499    2402.21198\n",
      "   -13778.29234   -6892.91861    -192.39496   -2402.21147      -0.0001\n",
      "      529.10082      -0.           72.52734       0.00002     113.44545\n",
      "      105.12835      54.18188       0.31816      19.45622    -105.12833\n",
      "      -54.18187      -0.31816     -19.45622]\n",
      " [ -93786.33812   61868.46462   -6682.17135   12233.75421  217544.59287\n",
      "    13778.29505  129729.92567   65080.86062    2062.85376    6818.63249\n",
      "    92221.20167   46330.79607    3818.98932    1784.93581  218913.66116\n",
      "     1019.72001     395.71124      84.02403    1801.78814     148.34185\n",
      "      221.03014     482.55976      92.31702     208.16696     -42.72994\n",
      "      341.1604      104.20342     158.28473]\n",
      " [ -48897.9267    31860.19113   -9856.14368    2415.62381  109715.0057\n",
      "     6892.91999   65080.86062   37465.29761    3160.21798    3446.50981\n",
      "    46330.79616   22419.65743    2521.68782     937.78043  110224.72798\n",
      "     1018.81905      24.96181      23.44406     919.12508     105.3192\n",
      "      111.35047     231.35503      58.95134     107.2458      -24.61543\n",
      "      173.605        48.2318       78.66804]\n",
      " [    249.06645     301.00709    2553.48865    2260.27201    8265.11381\n",
      "      192.39499    2062.85376    3160.21798    4903.89953     157.38478\n",
      "     3818.98964    2521.68797    -252.59669      70.41154    8991.0855\n",
      "     -682.0451      350.54735      17.5298       56.29954     -27.82791\n",
      "        5.3774       20.51873      -7.94963       5.33387       2.04146\n",
      "       14.04718       5.67426       7.50746]\n",
      " [ -17504.61833   11334.0856     -504.17063    1747.4519     8686.46632\n",
      "     2402.21198    6818.63249    3446.50981     157.38478    1286.24766\n",
      "     1784.93589     937.78047      70.41153     -97.35875    6073.16693\n",
      "       89.50765      19.97155      13.57333      70.09943      20.28847\n",
      "       31.38503      26.5969        2.74394      10.74872      -7.16723\n",
      "        6.56657       2.82134       3.38546]\n",
      " [ -93786.30625  -61868.44363   -6682.1709   -12233.75038  217544.58824\n",
      "   -13778.29234   92221.20167   46330.79616    3818.98964    1784.93589\n",
      "   129729.92115   65080.85825    2062.85342    6818.63143  218913.66229\n",
      "    -1019.71987     395.71125     -84.02401    1801.7881     -148.34183\n",
      "      -42.72994     341.16041     104.20342     158.28473     221.0301\n",
      "      482.55974      92.31702     208.16695]\n",
      " [ -48897.91016  -31860.18045   -9856.14344   -2415.62187  109715.00319\n",
      "    -6892.91861   46330.79607   22419.65743    2521.68797     937.78047\n",
      "    65080.85825   37465.29636    3160.2178     3446.50927  110224.72845\n",
      "    -1018.81897      24.96182     -23.44404     919.12506    -105.31918\n",
      "      -24.61543     173.605        48.2318       78.66804     111.35045\n",
      "      231.35502      58.95134     107.24579]\n",
      " [    249.06693    -301.00681    2553.48863   -2260.27196    8265.11316\n",
      "     -192.39496    3818.98932    2521.68782    -252.59669      70.41153\n",
      "     2062.85342    3160.2178     4903.8995      157.38476    8991.08488\n",
      "      682.0451      350.54734     -17.5298       56.29954      27.82791\n",
      "        2.04146      14.04718       5.67426       7.50746       5.3774\n",
      "       20.51872      -7.94963       5.33387]\n",
      " [ -17504.61212  -11334.08188    -504.17054   -1747.45128    8686.46515\n",
      "    -2402.21147    1784.93581     937.78043      70.41154     -97.35875\n",
      "     6818.63143    3446.50927     157.38476    1286.24747    6073.16686\n",
      "      -89.50762      19.97155     -13.57333      70.09942     -20.28847\n",
      "       -7.16723       6.56657       2.82134       3.38546      31.38502\n",
      "       26.5969        2.74394      10.74872]\n",
      " [  21128.58313      -0.0001   -20433.07831       0.00048  441600.63509\n",
      "       -0.0001   218913.66116  110224.72798    8991.0855     6073.16693\n",
      "   218913.66229  110224.72845    8991.08488    6073.16686  485004.55408\n",
      "       -0.00003    1746.4295       -0.         3631.93113      -0.\n",
      "       41.81555     828.69771     217.7228      373.70888      41.81555\n",
      "      828.69771     217.7228      373.70888]\n",
      " [     -0.001      4650.55843      -0.00002   -1651.79525       0.00015\n",
      "      529.10082    1019.72001    1018.81905    -682.0451       89.50765\n",
      "    -1019.71987   -1018.81897     682.0451      -89.50762      -0.00003\n",
      "     1023.95549      -0.          -22.72087       0.           46.84789\n",
      "        1.36832      -6.27942       9.49376       2.47977      -1.36832\n",
      "        6.27942      -9.49376      -2.47977]\n",
      " [    157.59015      -0.00002   12177.60157       0.         1518.71056\n",
      "       -0.          395.71124      24.96181     350.54735      19.97155\n",
      "      395.71125      24.96182     350.54734      19.97155    1746.4295\n",
      "       -0.          581.44546      -0.           -8.45343      -0.\n",
      "        8.65971      13.02477     -11.11926       0.48549       8.65971\n",
      "       13.02477     -11.11926       0.48549]\n",
      " [     -0.00015     677.4394       -0.          227.13579       0.00002\n",
      "       72.52734      84.02403      23.44406      17.5298       13.57333\n",
      "      -84.02401     -23.44404     -17.5298      -13.57333      -0.\n",
      "      -22.72087      -0.            4.54052       0.           -0.67804\n",
      "        0.87735       0.50306      -0.22799       0.08245      -0.87735\n",
      "       -0.50306       0.22799      -0.08245]\n",
      " [  -1467.32187       0.00016    -647.95333       0.00003    3597.29383\n",
      "        0.00002    1801.78814     919.12508      56.29954      70.09943\n",
      "     1801.7881      919.12506      56.29954      70.09942    3631.93113\n",
      "        0.           -8.45343       0.           32.5804        0.\n",
      "        1.45679       6.3073        2.17388       3.11039       1.45679\n",
      "        6.3073        2.17388       3.11039]\n",
      " [     -0.00013     498.65658      -0.          -42.67965       0.00002\n",
      "      113.44545     148.34185     105.3192      -27.82791      20.28847\n",
      "     -148.34183    -105.31918      27.82791     -20.28847      -0.\n",
      "       46.84789      -0.           -0.67804       0.            4.97135\n",
      "        1.32503      -0.0677        0.64373       0.28775      -1.32503\n",
      "        0.0677       -0.64373      -0.28775]\n",
      " [   -764.13136     478.04584     242.21372     101.79291     172.12932\n",
      "      105.12835     221.03014     111.35047       5.3774       31.38503\n",
      "      -42.72994     -24.61543       2.04146      -7.16723      41.81555\n",
      "        1.36832       8.65971       0.87735       1.45679       1.32503\n",
      "        3.46861       1.42307      -0.60176       0.42061      -0.53108\n",
      "       -0.01194      -0.14614      -0.1136 ]\n",
      " [   -375.20148     249.90184     265.40651      84.59328     824.91086\n",
      "       54.18188     482.55976     231.35503      20.51873      26.5969\n",
      "      341.16041     173.605        14.04718       6.56657     828.69771\n",
      "       -6.27942      13.02477       0.50306       6.3073       -0.0677\n",
      "        1.42307       4.66291       0.24519       0.76696      -0.01194\n",
      "        1.28914       0.35711       0.59732]\n",
      " [      5.88214      -2.01487    -360.83429     -52.11752     200.65048\n",
      "        0.31816      92.31702      58.95134      -7.94963       2.74394\n",
      "      104.20342      48.2318        5.67426       2.82134     217.7228\n",
      "        9.49376     -11.11926      -0.22799       2.17388       0.64373\n",
      "       -0.60176       0.24519       3.10202       0.18317      -0.14614\n",
      "        0.35711       0.13719       0.1712 ]\n",
      " [   -133.5664       88.0092      -32.47078      11.63955     366.68539\n",
      "       19.45622     208.16696     107.2458        5.33387      10.74872\n",
      "      158.28473      78.66804       7.50746       3.38546     373.70888\n",
      "        2.47977       0.48549       0.08245       3.11039       0.28775\n",
      "        0.42061       0.76696       0.18317       1.60132      -0.1136\n",
      "        0.59732       0.1712        0.261  ]\n",
      " [   -764.13111    -478.04569     242.21372    -101.79289     172.12928\n",
      "     -105.12833     -42.72994     -24.61543       2.04146      -7.16723\n",
      "      221.0301      111.35045       5.3774       31.38502      41.81555\n",
      "       -1.36832       8.65971      -0.87735       1.45679      -1.32503\n",
      "       -0.53108      -0.01194      -0.14614      -0.1136        3.46861\n",
      "        1.42307      -0.60176       0.42061]\n",
      " [   -375.20135    -249.90176     265.40651     -84.59326     824.91084\n",
      "      -54.18187     341.1604      173.605        14.04718       6.56657\n",
      "      482.55974     231.35502      20.51872      26.5969      828.69771\n",
      "        6.27942      13.02477      -0.50306       6.3073        0.0677\n",
      "       -0.01194       1.28914       0.35711       0.59732       1.42307\n",
      "        4.66291       0.24519       0.76696]\n",
      " [      5.88213       2.01488    -360.83429      52.11752     200.65048\n",
      "       -0.31816     104.20342      48.2318        5.67426       2.82134\n",
      "       92.31702      58.95134      -7.94963       2.74394     217.7228\n",
      "       -9.49376     -11.11926       0.22799       2.17388      -0.64373\n",
      "       -0.14614       0.35711       0.13719       0.1712       -0.60176\n",
      "        0.24519       3.10202       0.18317]\n",
      " [   -133.56635     -88.00917     -32.47078     -11.63955     366.68538\n",
      "      -19.45622     158.28473      78.66804       7.50746       3.38546\n",
      "      208.16695     107.24579       5.33387      10.74872     373.70888\n",
      "       -2.47977       0.48549      -0.08245       3.11039      -0.28775\n",
      "       -0.1136        0.59732       0.1712        0.261         0.42061\n",
      "        0.76696       0.18317       1.60132]]\n",
      "K:\n",
      "[[  0.09874   0.15757 -15.36499  -2.04484   3.36208   0.17844   1.71483\n",
      "    2.24352  -0.87935   0.07865   1.35014   0.39022   0.2298    0.01145\n",
      "    3.71576   0.83111  -0.62742  -0.02872   0.01165  -0.06371   0.11663\n",
      "   -0.06401   0.07841  -0.00854  -0.01556   0.00309   0.00384   0.00941]\n",
      " [  0.09874  -0.15757 -15.36499   2.04484   3.36208  -0.17844   1.35014\n",
      "    0.39022   0.2298    0.01145   1.71483   2.24352  -0.87935   0.07865\n",
      "    3.71576  -0.83111  -0.62742   0.02872   0.01165   0.06371  -0.01556\n",
      "    0.00309   0.00384   0.00941   0.11663  -0.06401   0.07841  -0.00854]\n",
      " [  0.16324  -0.01607   1.10414  -1.54352 -28.42945  -0.00769 -13.85549\n",
      "   -6.49366  -0.65153   0.05233 -14.41797  -7.59841  -0.33458  -0.4265\n",
      "  -30.57283   0.43323  -0.08409  -0.01383  -0.2987   -0.11527  -0.01773\n",
      "   -0.08564   0.01419   0.40269  -0.02694  -0.02901  -0.03979  -0.02419]\n",
      " [  0.16324   0.01607   1.10414   1.54352 -28.42945   0.00769 -14.41797\n",
      "   -7.59841  -0.33458  -0.4265  -13.85549  -6.49366  -0.65153   0.05233\n",
      "  -30.57283  -0.43323  -0.08409   0.01383  -0.2987    0.11527  -0.02694\n",
      "   -0.02901  -0.03979  -0.02419  -0.01773  -0.08564   0.01419   0.40269]]\n",
      "sim_data.time: 0.0\n",
      "sim_data.qpos:\n",
      " [-0.00001 -0.00002  0.10902  1.       0.00006  0.00041  0.00023 -0.00144\n",
      "  0.00042 -0.00041  0.00052 -0.00057  0.00005 -0.00004 -0.00046]\n",
      "sim_data.time: 0.002\n",
      "sim_data.qpos:\n",
      " [-0.00001 -0.00001  0.10905  1.       0.       0.00096 -0.00013 -0.00181\n",
      " -0.00014  0.00016  0.00168 -0.0022   0.0005  -0.00048 -0.00119]\n",
      "sim_data.time: 0.004\n",
      "sim_data.qpos:\n",
      " [-0.00001  0.00002  0.10903  1.      -0.00019  0.00073 -0.00101  0.00235\n",
      " -0.00358  0.00359  0.00181 -0.00285  0.00029 -0.00027  0.00058]\n",
      "sim_data.time: 0.006\n",
      "sim_data.qpos:\n",
      " [-0.       0.00004  0.10902  1.      -0.00032  0.00072 -0.00146  0.0046\n",
      " -0.00627  0.00634  0.00391 -0.00359 -0.00021  0.00024  0.00392]\n",
      "sim_data.time: 0.008\n",
      "sim_data.qpos:\n",
      " [-0.00001  0.00006  0.10903  1.      -0.0004   0.00135 -0.00159  0.00515\n",
      " -0.00807  0.00823  0.00261 -0.00528 -0.00043  0.00049  0.00621]\n",
      "sim_data.time: 0.01\n",
      "sim_data.qpos:\n",
      " [-0.00002  0.00008  0.10907  1.      -0.00049  0.00251 -0.00175  0.00387\n",
      " -0.00905  0.00931  0.0023  -0.00814 -0.00004  0.00014  0.00671]\n",
      "sim_data.time: 0.012\n",
      "sim_data.qpos:\n",
      " [-0.00002  0.0001   0.10904  0.99999 -0.00065  0.00284 -0.00202  0.00574\n",
      " -0.01182  0.01218  0.0019  -0.0081  -0.00122  0.00135  0.00355]\n",
      "sim_data.time: 0.014\n",
      "sim_data.qpos:\n",
      " [-0.00003  0.00012  0.10903  0.99999 -0.00078  0.0036  -0.00199  0.00591\n",
      " -0.01366  0.01414  0.00035 -0.00954 -0.00187  0.00205  0.00387]\n",
      "sim_data.time: 0.016\n",
      "sim_data.qpos:\n",
      " [-0.00003  0.00014  0.109    0.99999 -0.00091  0.00413 -0.00176  0.00584\n",
      " -0.01516  0.01577  0.00039 -0.01039 -0.00292  0.00316  0.00627]\n",
      "sim_data.time: 0.018000000000000002\n",
      "sim_data.qpos:\n",
      " [-0.00004  0.00017  0.10896  0.99999 -0.00105  0.00493 -0.00137  0.004\n",
      " -0.01535  0.01609 -0.00009 -0.01141 -0.00384  0.00415  0.007  ]\n",
      "sim_data.time: 0.020000000000000004\n",
      "sim_data.qpos:\n",
      " [-0.00006  0.00022  0.10892  0.99998 -0.00127  0.00571 -0.00101  0.00211\n",
      " -0.01519  0.01603  0.00146 -0.01318 -0.00434  0.00473  0.0108 ]\n",
      "sim_data.time: 0.022000000000000006\n",
      "sim_data.qpos:\n",
      " [-0.00007  0.00023  0.10889  0.99998 -0.00133  0.00662 -0.00028 -0.00077\n",
      " -0.01466  0.0156   0.00306 -0.01384 -0.00536  0.00583  0.01068]\n",
      "sim_data.time: 0.024000000000000007\n",
      "sim_data.qpos:\n",
      " [-0.00009  0.00025  0.10889  0.99997 -0.00138  0.00775  0.00035 -0.00473\n",
      " -0.01367  0.01468  0.0069  -0.0152  -0.00563  0.00617  0.0091 ]\n",
      "sim_data.time: 0.02600000000000001\n",
      "sim_data.qpos:\n",
      " [-0.00009  0.00029  0.10886  0.99997 -0.00159  0.00818  0.00041 -0.00433\n",
      " -0.01562  0.01673  0.0102  -0.01608 -0.00612  0.00671  0.01043]\n",
      "sim_data.time: 0.02800000000000001\n",
      "sim_data.qpos:\n",
      " [-0.0001   0.00032  0.10883  0.99996 -0.00175  0.00885  0.00071 -0.00452\n",
      " -0.01704  0.01825  0.00998 -0.017   -0.00645  0.00711  0.01047]\n",
      "sim_data.time: 0.030000000000000013\n",
      "sim_data.qpos:\n",
      " [-0.00011  0.00035  0.10884  0.99995 -0.00189  0.00975  0.00109 -0.00571\n",
      " -0.01769  0.01899  0.00909 -0.01857 -0.00616  0.00686  0.01006]\n",
      "sim_data.time: 0.032000000000000015\n",
      "sim_data.qpos:\n",
      " [-0.00011  0.00043  0.10883  0.99994 -0.00228  0.0104   0.00073 -0.00321\n",
      " -0.02139  0.02287  0.00889 -0.02026 -0.00555  0.00627  0.00732]\n",
      "sim_data.time: 0.034000000000000016\n",
      "sim_data.qpos:\n",
      " [-0.00012  0.00051  0.10884  0.99994 -0.00271  0.01105  0.00061 -0.00215\n",
      " -0.02372  0.02535  0.00992 -0.02248 -0.00458  0.00529  0.00805]\n",
      "sim_data.time: 0.03600000000000002\n",
      "sim_data.qpos:\n",
      " [-0.00012  0.00059  0.10881  0.99993 -0.00298  0.01147  0.00093 -0.00233\n",
      " -0.02471  0.02646  0.01012 -0.02297 -0.00496  0.0057   0.00966]\n",
      "sim_data.time: 0.03800000000000002\n",
      "sim_data.qpos:\n",
      " [-0.00013  0.00069  0.10879  0.99992 -0.00331  0.01217  0.00126 -0.00373\n",
      " -0.02434  0.02616  0.01236 -0.02403 -0.00479  0.00555  0.00944]\n",
      "sim_data.time: 0.04000000000000002\n",
      "sim_data.qpos:\n",
      " [-0.00014  0.00079  0.10878  0.99991 -0.00371  0.01291  0.00169 -0.00617\n",
      " -0.02257  0.0244   0.0118  -0.02558 -0.00421  0.00499  0.0106 ]\n",
      "sim_data.time: 0.04200000000000002\n",
      "sim_data.qpos:\n",
      " [-0.00014  0.0009   0.10868  0.99991 -0.00414  0.01268  0.00206 -0.00479\n",
      " -0.0239   0.0258   0.01164 -0.0239  -0.00621  0.00705  0.01122]\n",
      "sim_data.time: 0.044000000000000025\n",
      "sim_data.qpos:\n",
      " [-0.00013  0.00103  0.10857  0.99991 -0.00466  0.01246  0.00195 -0.00237\n",
      " -0.02648  0.0285   0.01342 -0.02289 -0.00753  0.00843  0.01079]\n",
      "sim_data.time: 0.04600000000000003\n",
      "sim_data.qpos:\n",
      " [-0.00013  0.00115  0.10849  0.99991 -0.00514  0.01256  0.00189 -0.00084\n",
      " -0.02858  0.03071  0.01369 -0.02272 -0.00816  0.00911  0.00973]\n",
      "sim_data.time: 0.04800000000000003\n",
      "sim_data.qpos:\n",
      " [-0.00013  0.00127  0.10845  0.9999  -0.00557  0.01285  0.0019  -0.00046\n",
      " -0.03003  0.03227  0.01499 -0.02332 -0.00808  0.00906  0.00916]\n",
      "sim_data.time: 0.05000000000000003\n",
      "sim_data.qpos:\n",
      " [-0.00013  0.00135  0.1084   0.9999  -0.00579  0.01295  0.00261 -0.0007\n",
      " -0.03102  0.03335  0.01579 -0.02097 -0.01078  0.01189  0.01185]\n",
      "sim_data.time: 0.05200000000000003\n",
      "sim_data.qpos:\n",
      " [-0.00012  0.00143  0.10831  0.99989 -0.00613  0.01287  0.00295  0.00076\n",
      " -0.03339  0.03585  0.01627 -0.01969 -0.0123   0.01349  0.01494]\n",
      "sim_data.time: 0.054000000000000034\n",
      "sim_data.qpos:\n",
      " [-0.00012  0.0015   0.10824  0.99989 -0.00637  0.01302  0.00327  0.00111\n",
      " -0.03518  0.03775  0.01794 -0.01952 -0.01256  0.0138   0.01904]\n",
      "sim_data.time: 0.056000000000000036\n",
      "sim_data.qpos:\n",
      " [-0.00011  0.00152  0.10816  0.99989 -0.00638  0.01288  0.00411  0.0008\n",
      " -0.03658  0.03926  0.02213 -0.01592 -0.01586  0.01725  0.02057]\n",
      "sim_data.time: 0.05800000000000004\n",
      "sim_data.qpos:\n",
      " [-0.00011  0.00153  0.10809  0.99988 -0.00631  0.01297  0.00485 -0.00033\n",
      " -0.03742  0.04017  0.02667 -0.01374 -0.01787  0.01939  0.02303]\n",
      "sim_data.time: 0.06000000000000004\n",
      "sim_data.qpos:\n",
      " [-0.00011  0.00153  0.10799  0.99988 -0.00623  0.01303  0.00556 -0.00044\n",
      " -0.03874  0.04159  0.02749 -0.01144 -0.01995  0.0216   0.0234 ]\n",
      "sim_data.time: 0.06200000000000004\n",
      "sim_data.qpos:\n",
      " [-0.00011  0.00151  0.10791  0.99987 -0.00608  0.01342  0.00625 -0.0013\n",
      " -0.03946  0.04239  0.02678 -0.01051 -0.02068  0.02242  0.0244 ]\n",
      "sim_data.time: 0.06400000000000004\n",
      "sim_data.qpos:\n",
      " [-0.00011  0.00148  0.10782  0.99987 -0.0059   0.01367  0.00667 -0.0022\n",
