{
 "cells": [
  {
   "cell_type": "code",
   "execution_count": 124,
   "id": "53675a3c-52ee-4fd0-b35c-689aa8ced49f",
   "metadata": {},
   "outputs": [],
   "source": [
    "import copy\n",
    "import mujoco\n",
    "from dm_control import mjcf\n",
    "import numpy as np\n",
    "import cv2\n",
    "import scipy\n",
    "from scipy.spatial.transform import Rotation as Rotater\n",
    "import common\n",
    "from dm_control.mujoco import Physics\n",
    "from lxml import etree\n",
    "from dm_control.suite import base\n",
    "from dm_control.rl import control\n",
    "from dm_control import viewer\n",
    "import mediapy as media\n",
    "\n",
    "np.set_printoptions(precision=5, suppress=True)"
   ]
  },
  {
   "cell_type": "code",
   "execution_count": 125,
   "id": "bb4e2694",
   "metadata": {},
   "outputs": [],
   "source": [
    "\n",
    "def compute_gains(model, data, configuration, Q, R):\n",
    "    # 1. Set configuration and find control that stabilizes it (ctrl0)\n",
    "    newdata = mujoco.MjData(model)\n",
    "    newdata = copy.copy(data)\n",
    "\n",
    "    mujoco.mj_resetData(model, newdata)\n",
    "    newdata.qpos = configuration\n",
    "    # compute the control\n",
    "    mujoco.mj_forward(model, newdata)\n",
    "    newdata.qacc = 0\n",
    "    mujoco.mj_inverse(model, newdata)\n",
    "\n",
    "    # define control and configuration to linearize around\n",
    "    # print(newdata.qfrc_actuator)\n",
    "    ctrl0 = newdata.qfrc_inverse.copy() @ np.linalg.pinv(newdata.actuator_moment)\n",
    "    # ctrl0[:] = 0\n",
    "    qpos0 = newdata.qpos.copy()\n",
    "    print('ctrl0:\\n', ctrl0)\n",
    "    print('qpos0:\\n', qpos0)\n",
    "\n",
    "    # 2. Compute LQR gains given weights\n",
    "    mujoco.mj_resetData(model, newdata)\n",
    "    newdata.ctrl = ctrl0\n",
    "    newdata.qpos = qpos0\n",
    "    # print('newdata.ctrl:\\n', newdata.ctrl)\n",
    "\n",
    "    # 3. Allocate the A and B matrices, compute them.\n",
    "    A = np.zeros((2 * model.nv, 2 * model.nv))\n",
    "    B = np.zeros((2 * model.nv, model.nu))\n",
    "    epsilon = 1e-6\n",
    "    flg_centered = True\n",
    "    mujoco.mjd_transitionFD(model, newdata, epsilon, flg_centered, A, B, None, None)\n",
    "    \n",
    "\n",
    "    #print A, B, Q, R in format 'A:\\n{}\\n'\n",
    "    print('A:\\n{}\\nB:\\n{}\\nQ:\\n{}\\nR:\\n{}'.format(A.shape, B.shape, Q.shape, R.shape))\n",
    "    print('A:\\n{}\\nB:\\n{}\\nQ:\\n{}\\nR:\\n{}'.format(A, B, Q, R))\n",
    "\n",
    "    # return None, None\n",
    "\n",
    "    # Solve discrete Riccati equation.\n",
    "    P = scipy.linalg.solve_discrete_are(A, B, Q, R)\n",
    "    print('P:\\n{}'.format(P.shape))\n",
    "\n",
    "    # Compute the feedback gain matrix K.\n",
    "    K = np.linalg.inv(R + B.T @ P @ B) @ B.T @ P @ A\n",
    "\n",
    "    #print P, K in format 'A:\\n{}\\n'\n",
    "    print('P:\\n{}\\nK:\\n{}'.format(P, K))\n",
    "\n",
    "    return ctrl0, K"
   ]
  },
  {
   "cell_type": "code",
   "execution_count": 126,
   "id": "bdeba0d3-33fe-4c14-b218-e43cdac591c7",
   "metadata": {},
   "outputs": [
    {
     "name": "stdout",
     "output_type": "stream",
     "text": [
      "sim_model.nv: 14 sim_model.nu: 4 sim_model.nq: 15 sim_model.na: 0\n",
      "sim_data.qpos: [0.    0.    0.111 1.    0.    0.    0.    0.    0.    0.    0.    0.\n",
      " 0.    0.    0.   ] \n",
      "sim_data.qvel: [0. 0. 0. 0. 0. 0. 0. 0. 0. 0. 0. 0. 0. 0.] \n",
      "sim_data.qacc: [0. 0. 0. 0. 0. 0. 0. 0. 0. 0. 0. 0. 0. 0.] \n",
      "sim_data.ctrl: [0. 0. 0. 0.]\n",
      "sim_data.site_xpos: [[0. 0. 0.]] \n",
      "sim_data.site_xmat: [[0. 0. 0. 0. 0. 0. 0. 0. 0.]]\n",
      "ang_euler: [0, 0, 0] quat: [0. 0. 0. 1.]\n",
      "ctrl0:\n",
      " [0.04161 0.04161 0.      0.     ]\n",
      "qpos0:\n",
      " [0.    0.    0.121 1.    0.    0.    0.    0.    0.    0.    0.    0.\n",
      " 0.    0.    0.   ]\n",
      "A:\n",
      "(28, 28)\n",
      "B:\n",
      "(28, 4)\n",
      "Q:\n",
      "(28, 28)\n",
      "R:\n",
      "(4, 4)\n",
      "A:\n",
      "[[ 1.       0.       0.      -0.      -0.       0.      -0.00008  0.\n",
      "   0.00002 -0.      -0.00008  0.       0.00002 -0.       0.002    0.\n",
      "   0.      -0.      -0.       0.      -0.      -0.       0.       0.\n",
      "  -0.      -0.       0.       0.     ]\n",
      " [-0.       1.       0.       0.      -0.       0.      -0.00002  0.00001\n",
      "   0.00001  0.       0.00002 -0.00001 -0.00001  0.      -0.       0.002\n",
      "   0.       0.       0.       0.      -0.       0.       0.      -0.\n",
      "   0.      -0.      -0.       0.     ]\n",
      " [ 0.       0.       1.       0.      -0.       0.       0.00007 -0.00002\n",
      "  -0.00003  0.       0.00007 -0.00002 -0.00003  0.       0.       0.\n",
      "   0.002    0.       0.       0.       0.      -0.      -0.       0.\n",
      "   0.      -0.      -0.       0.     ]\n",
      " [ 0.       0.       0.       1.       0.       0.00017  0.00114 -0.00027\n",
      "  -0.00039  0.      -0.00114  0.00027  0.00039  0.       0.       0.\n",
      "   0.       0.002   -0.       0.       0.00001 -0.00001 -0.00001  0.\n",
      "  -0.00001  0.00001  0.00001 -0.     ]\n",
      " [ 0.       0.       0.       0.       1.      -0.       0.00421  0.00124\n",
      "   0.00023  0.       0.00421  0.00124  0.00023  0.      -0.      -0.\n",
      "   0.       0.       0.002    0.       0.00009  0.00004 -0.       0.\n",
      "   0.00009  0.00004 -0.       0.     ]\n",
      " [ 0.       0.       0.      -0.00017 -0.       1.       0.00311  0.00038\n",
      "  -0.0003   0.      -0.00311 -0.00038  0.0003   0.      -0.       0.\n",
      "   0.      -0.       0.       0.002    0.00006  0.00002 -0.00001 -0.\n",
      "  -0.00006 -0.00002  0.00001  0.     ]\n",
      " [ 0.       0.       0.       0.      -0.       0.       0.98502 -0.00083\n",
      "   0.00204 -0.      -0.00082 -0.00026 -0.00006 -0.      -0.      -0.\n",
      "   0.       0.       0.       0.       0.00173 -0.00006  0.00006  0.\n",
      "  -0.00002 -0.00001  0.      -0.     ]\n",
      " [ 0.       0.       0.      -0.       0.       0.       0.0043   0.99482\n",
      "  -0.00415 -0.       0.00013  0.00004  0.00001 -0.       0.       0.\n",
      "  -0.      -0.      -0.      -0.      -0.00007  0.00179 -0.00016  0.\n",
      "   0.       0.      -0.       0.     ]\n",
      " [ 0.       0.       0.       0.      -0.       0.      -0.00423 -0.00468\n",
      "   0.99503 -0.      -0.00013 -0.00004 -0.00001 -0.      -0.      -0.\n",
      "   0.       0.       0.       0.       0.00007 -0.00021  0.00177 -0.\n",
      "  -0.      -0.       0.      -0.     ]\n",
      " [-0.       0.       0.       0.       0.      -0.       0.00016  0.00012\n",
      "   0.00005  1.      -0.00009 -0.00003 -0.       0.       0.      -0.\n",
      "   0.       0.       0.      -0.       0.00001  0.00001  0.       0.002\n",
      "  -0.      -0.       0.      -0.     ]\n",
      " [ 0.       0.       0.      -0.      -0.      -0.      -0.00082 -0.00026\n",
      "  -0.00006 -0.       0.98502 -0.00083  0.00204 -0.      -0.       0.\n",
      "   0.      -0.       0.      -0.      -0.00002 -0.00001  0.      -0.\n",
      "   0.00173 -0.00006  0.00006  0.     ]\n",
      " [ 0.       0.       0.       0.       0.      -0.       0.00013  0.00004\n",
      "   0.00001 -0.       0.0043   0.99482 -0.00415 -0.       0.      -0.\n",
      "  -0.       0.      -0.       0.       0.       0.      -0.       0.\n",
      "  -0.00007  0.00179 -0.00016  0.     ]\n",
      " [ 0.       0.       0.      -0.      -0.       0.      -0.00013 -0.00004\n",
      "  -0.00001 -0.      -0.00423 -0.00468  0.99503 -0.      -0.       0.\n",
      "   0.      -0.       0.      -0.      -0.      -0.       0.      -0.\n",
      "   0.00007 -0.00021  0.00177 -0.     ]\n",
      " [ 0.       0.       0.      -0.       0.       0.      -0.00009 -0.00003\n",
      "  -0.       0.       0.00016  0.00012  0.00005  1.       0.       0.\n",
      "   0.      -0.       0.       0.      -0.      -0.       0.      -0.\n",
      "   0.00001  0.00001  0.       0.002  ]\n",
      " [ 0.       0.       0.      -0.      -0.00236  0.      -0.04097  0.00244\n",
      "   0.01081 -0.      -0.04097  0.00244  0.01081 -0.       1.       0.\n",
      "   0.      -0.      -0.00001  0.      -0.00082 -0.00021  0.00016  0.\n",
      "  -0.00082 -0.00021  0.00016  0.     ]\n",
      " [-0.       0.       0.       0.00236 -0.       0.00176 -0.01158  0.00416\n",
      "   0.0049   0.       0.01158 -0.00416 -0.0049   0.      -0.       1.\n",
      "   0.       0.00001  0.       0.      -0.00009  0.00016  0.00018 -0.\n",
      "   0.00009 -0.00016 -0.00018  0.     ]\n",
      " [ 0.       0.       0.      -0.      -0.00175  0.       0.03557 -0.01103\n",
      "  -0.01394  0.       0.03557 -0.01103 -0.01394  0.       0.      -0.\n",
      "   1.       0.       0.      -0.       0.00034 -0.0004  -0.00051  0.\n",
      "   0.00034 -0.0004  -0.00051  0.     ]\n",
      " [ 0.      -0.       0.      -0.0001   0.       0.       0.57142 -0.13612\n",
      "  -0.19528 -0.      -0.57142  0.13612  0.19528 -0.       0.       0.00001\n",
      "  -0.       0.99962 -0.      -0.00005  0.00639 -0.00474 -0.00702  0.\n",
      "  -0.00639  0.00474  0.00702 -0.     ]\n",
      " [-0.       0.       0.       0.      -0.0001  -0.       2.10273  0.61856\n",
      "   0.11254  0.       2.10273  0.61856  0.11254  0.      -0.00001 -0.\n",
      "   0.       0.       0.99953  0.       0.04423  0.01883 -0.00173  0.00001\n",
      "   0.04423  0.01883 -0.00173  0.00001]\n",
      " [-0.      -0.       0.      -0.      -0.      -0.       1.55358  0.19236\n",
      "  -0.15246  0.      -1.55358 -0.19236  0.15246  0.      -0.       0.\n",
      "  -0.      -0.00005  0.       0.99949  0.03167  0.01098 -0.00353 -0.\n",
      "  -0.03167 -0.01098  0.00353  0.     ]\n",
      " [ 0.       0.       0.       0.00001 -0.00002  0.      -7.48782 -0.41733\n",
      "   1.01794 -0.      -0.41159 -0.12779 -0.02817 -0.      -0.      -0.\n",
      "   0.       0.00004  0.0001   0.00008  0.86533 -0.02944  0.03056  0.\n",
      "  -0.00867 -0.00371  0.00032 -0.     ]\n",
      " [ 0.       0.       0.      -0.00002  0.00001  0.       2.15081 -2.59173\n",
      "  -2.0744  -0.       0.06704  0.02064  0.00449 -0.       0.       0.\n",
      "  -0.      -0.00006 -0.00002 -0.00002 -0.03372  0.89398 -0.08176  0.00001\n",
      "   0.00141  0.00059 -0.00007  0.     ]\n",
      " [ 0.       0.       0.       0.00002 -0.00001  0.      -2.11618 -2.34127\n",
      "  -2.48429 -0.      -0.06313 -0.01952 -0.00429 -0.      -0.      -0.\n",
      "   0.       0.00006  0.00002  0.00002  0.03343 -0.10521  0.8864  -0.00001\n",
      "  -0.00133 -0.00055  0.00006 -0.     ]\n",
      " [-0.       0.       0.       0.       0.      -0.       0.08017  0.05925\n",
      "   0.0234   0.      -0.04358 -0.01268 -0.0022   0.       0.      -0.\n",
      "   0.       0.       0.00001 -0.       0.00308  0.00289  0.00131  0.99805\n",
      "  -0.00092 -0.00039  0.00004 -0.     ]\n",
      " [ 0.       0.       0.      -0.00001 -0.00002 -0.      -0.41159 -0.12779\n",
      "  -0.02817 -0.      -7.48782 -0.41733  1.01794 -0.      -0.       0.\n",
      "   0.      -0.00004  0.0001  -0.00008 -0.00867 -0.00371  0.00032 -0.\n",
      "   0.86533 -0.02944  0.03056  0.     ]\n",
      " [ 0.       0.       0.       0.00002  0.00001 -0.       0.06704  0.02064\n",
      "   0.00449 -0.       2.15081 -2.59173 -2.0744  -0.       0.      -0.\n",
      "  -0.       0.00006 -0.00002  0.00002  0.00141  0.00059 -0.00007  0.\n",
      "  -0.03372  0.89398 -0.08176  0.00001]\n",
      " [ 0.       0.       0.      -0.00002 -0.00001  0.      -0.06313 -0.01952\n",
      "  -0.00429 -0.      -2.11618 -2.34127 -2.48429 -0.      -0.       0.\n",
      "   0.      -0.00006  0.00002 -0.00002 -0.00133 -0.00055  0.00006 -0.\n",
      "   0.03343 -0.10521  0.8864  -0.00001]\n",
      " [ 0.       0.       0.      -0.       0.       0.      -0.04358 -0.01268\n",
      "  -0.0022   0.       0.08017  0.05925  0.0234   0.       0.       0.\n",
      "   0.      -0.       0.00001  0.      -0.00092 -0.00039  0.00004 -0.\n",
      "   0.00308  0.00289  0.00131  0.99805]]\n",
      "B:\n",
      "[[ 0.00004  0.00004 -0.      -0.     ]\n",
      " [ 0.00002 -0.00002  0.      -0.     ]\n",
      " [-0.00006 -0.00006 -0.      -0.     ]\n",
      " [-0.00086  0.00086 -0.       0.     ]\n",
      " [-0.00208 -0.00208 -0.      -0.     ]\n",
      " [-0.00158  0.00158  0.      -0.     ]\n",
      " [ 0.00859  0.00041 -0.       0.     ]\n",
      " [-0.00587 -0.00007 -0.      -0.     ]\n",
      " [ 0.00588  0.00006  0.       0.     ]\n",
      " [-0.00002  0.00004  0.00039  0.     ]\n",
      " [ 0.00041  0.00859  0.      -0.     ]\n",
      " [-0.00007 -0.00587 -0.      -0.     ]\n",
      " [ 0.00006  0.00588  0.       0.     ]\n",
      " [ 0.00004 -0.00002  0.       0.00039]\n",
      " [ 0.0211   0.0211  -0.00003 -0.00003]\n",
      " [ 0.00965 -0.00965  0.      -0.     ]\n",
      " [-0.02838 -0.02838 -0.      -0.     ]\n",
      " [-0.42961  0.42961 -0.00005  0.00005]\n",
      " [-1.03778 -1.03778 -0.00096 -0.00096]\n",
      " [-0.7895   0.7895   0.00014 -0.00014]\n",
      " [ 4.29637  0.20291 -0.00008  0.00021]\n",
      " [-2.93707 -0.03336 -0.00124 -0.00004]\n",
      " [ 2.9395   0.03141  0.00127  0.00003]\n",
      " [-0.00797  0.02152  0.19471  0.00002]\n",
      " [ 0.20291  4.29637  0.00021 -0.00008]\n",
      " [-0.03336 -2.93707 -0.00004 -0.00124]\n",
      " [ 0.03141  2.9395   0.00003  0.00127]\n",
      " [ 0.02152 -0.00797  0.00002  0.19471]]\n",
      "Q:\n",
      "[[1. 0. 0. 0. 0. 0. 0. 0. 0. 0. 0. 0. 0. 0. 0. 0. 0. 0. 0. 0. 0. 0. 0. 0.\n",
      "  0. 0. 0. 0.]\n",
      " [0. 1. 0. 0. 0. 0. 0. 0. 0. 0. 0. 0. 0. 0. 0. 0. 0. 0. 0. 0. 0. 0. 0. 0.\n",
      "  0. 0. 0. 0.]\n",
      " [0. 0. 1. 0. 0. 0. 0. 0. 0. 0. 0. 0. 0. 0. 0. 0. 0. 0. 0. 0. 0. 0. 0. 0.\n",
      "  0. 0. 0. 0.]\n",
      " [0. 0. 0. 1. 0. 0. 0. 0. 0. 0. 0. 0. 0. 0. 0. 0. 0. 0. 0. 0. 0. 0. 0. 0.\n",
      "  0. 0. 0. 0.]\n",
      " [0. 0. 0. 0. 1. 0. 0. 0. 0. 0. 0. 0. 0. 0. 0. 0. 0. 0. 0. 0. 0. 0. 0. 0.\n",
      "  0. 0. 0. 0.]\n",
      " [0. 0. 0. 0. 0. 1. 0. 0. 0. 0. 0. 0. 0. 0. 0. 0. 0. 0. 0. 0. 0. 0. 0. 0.\n",
      "  0. 0. 0. 0.]\n",
      " [0. 0. 0. 0. 0. 0. 1. 0. 0. 0. 0. 0. 0. 0. 0. 0. 0. 0. 0. 0. 0. 0. 0. 0.\n",
      "  0. 0. 0. 0.]\n",
      " [0. 0. 0. 0. 0. 0. 0. 1. 0. 0. 0. 0. 0. 0. 0. 0. 0. 0. 0. 0. 0. 0. 0. 0.\n",
      "  0. 0. 0. 0.]\n",
      " [0. 0. 0. 0. 0. 0. 0. 0. 1. 0. 0. 0. 0. 0. 0. 0. 0. 0. 0. 0. 0. 0. 0. 0.\n",
      "  0. 0. 0. 0.]\n",
      " [0. 0. 0. 0. 0. 0. 0. 0. 0. 1. 0. 0. 0. 0. 0. 0. 0. 0. 0. 0. 0. 0. 0. 0.\n",
      "  0. 0. 0. 0.]\n",
      " [0. 0. 0. 0. 0. 0. 0. 0. 0. 0. 1. 0. 0. 0. 0. 0. 0. 0. 0. 0. 0. 0. 0. 0.\n",
      "  0. 0. 0. 0.]\n",
      " [0. 0. 0. 0. 0. 0. 0. 0. 0. 0. 0. 1. 0. 0. 0. 0. 0. 0. 0. 0. 0. 0. 0. 0.\n",
      "  0. 0. 0. 0.]\n",
      " [0. 0. 0. 0. 0. 0. 0. 0. 0. 0. 0. 0. 1. 0. 0. 0. 0. 0. 0. 0. 0. 0. 0. 0.\n",
      "  0. 0. 0. 0.]\n",
      " [0. 0. 0. 0. 0. 0. 0. 0. 0. 0. 0. 0. 0. 1. 0. 0. 0. 0. 0. 0. 0. 0. 0. 0.\n",
      "  0. 0. 0. 0.]\n",
      " [0. 0. 0. 0. 0. 0. 0. 0. 0. 0. 0. 0. 0. 0. 1. 0. 0. 0. 0. 0. 0. 0. 0. 0.\n",
      "  0. 0. 0. 0.]\n",
      " [0. 0. 0. 0. 0. 0. 0. 0. 0. 0. 0. 0. 0. 0. 0. 1. 0. 0. 0. 0. 0. 0. 0. 0.\n",
      "  0. 0. 0. 0.]\n",
      " [0. 0. 0. 0. 0. 0. 0. 0. 0. 0. 0. 0. 0. 0. 0. 0. 1. 0. 0. 0. 0. 0. 0. 0.\n",
      "  0. 0. 0. 0.]\n",
      " [0. 0. 0. 0. 0. 0. 0. 0. 0. 0. 0. 0. 0. 0. 0. 0. 0. 1. 0. 0. 0. 0. 0. 0.\n",
      "  0. 0. 0. 0.]\n",
      " [0. 0. 0. 0. 0. 0. 0. 0. 0. 0. 0. 0. 0. 0. 0. 0. 0. 0. 1. 0. 0. 0. 0. 0.\n",
      "  0. 0. 0. 0.]\n",
      " [0. 0. 0. 0. 0. 0. 0. 0. 0. 0. 0. 0. 0. 0. 0. 0. 0. 0. 0. 1. 0. 0. 0. 0.\n",
      "  0. 0. 0. 0.]\n",
      " [0. 0. 0. 0. 0. 0. 0. 0. 0. 0. 0. 0. 0. 0. 0. 0. 0. 0. 0. 0. 1. 0. 0. 0.\n",
      "  0. 0. 0. 0.]\n",
      " [0. 0. 0. 0. 0. 0. 0. 0. 0. 0. 0. 0. 0. 0. 0. 0. 0. 0. 0. 0. 0. 1. 0. 0.\n",
      "  0. 0. 0. 0.]\n",
      " [0. 0. 0. 0. 0. 0. 0. 0. 0. 0. 0. 0. 0. 0. 0. 0. 0. 0. 0. 0. 0. 0. 1. 0.\n",
      "  0. 0. 0. 0.]\n",
      " [0. 0. 0. 0. 0. 0. 0. 0. 0. 0. 0. 0. 0. 0. 0. 0. 0. 0. 0. 0. 0. 0. 0. 1.\n",
      "  0. 0. 0. 0.]\n",
      " [0. 0. 0. 0. 0. 0. 0. 0. 0. 0. 0. 0. 0. 0. 0. 0. 0. 0. 0. 0. 0. 0. 0. 0.\n",
      "  1. 0. 0. 0.]\n",
      " [0. 0. 0. 0. 0. 0. 0. 0. 0. 0. 0. 0. 0. 0. 0. 0. 0. 0. 0. 0. 0. 0. 0. 0.\n",
      "  0. 1. 0. 0.]\n",
      " [0. 0. 0. 0. 0. 0. 0. 0. 0. 0. 0. 0. 0. 0. 0. 0. 0. 0. 0. 0. 0. 0. 0. 0.\n",
      "  0. 0. 1. 0.]\n",
      " [0. 0. 0. 0. 0. 0. 0. 0. 0. 0. 0. 0. 0. 0. 0. 0. 0. 0. 0. 0. 0. 0. 0. 0.\n",
      "  0. 0. 0. 1.]]\n",
      "R:\n",
      "[[1. 0. 0. 0.]\n",
      " [0. 1. 0. 0.]\n",
      " [0. 0. 1. 0.]\n",
      " [0. 0. 0. 1.]]\n",
      "P:\n",
      "(28, 28)\n",
      "P:\n",
      "[[ 4.76543e+05  1.23943e-01 -7.68441e+05  1.38898e+01 -3.87339e+06\n",
      "   2.00621e+01 -4.97366e+06 -9.57480e+07 -8.64032e+07 -3.82048e+01\n",
      "  -4.97368e+06 -9.57480e+07 -8.64032e+07 -3.93574e+01  4.36449e+08\n",
      "   4.64335e+00 -5.85959e+08  3.60289e+01 -3.17800e+07  4.42488e+01\n",
      "  -1.35736e+07 -1.13808e+06 -3.85016e+05 -9.87484e+04 -1.35736e+07\n",
      "  -1.13808e+06 -3.85015e+05 -9.87484e+04]\n",
      " [ 1.23943e-01  4.49166e+03 -2.11877e-01  5.05394e+04 -1.24324e+00\n",
      "   7.00267e+04  2.71129e+04  8.10204e+03  4.56398e+02  4.84851e-01\n",
      "  -2.71161e+04 -8.16350e+03 -5.11867e+02 -4.84430e-01  1.40080e+02\n",
      "   2.09867e+04 -1.88062e+02  9.19025e+04 -1.02005e+01  1.13848e+05\n",
      "   3.29380e+04  9.00587e+02 -1.06220e+03  1.73118e+00 -3.29467e+04\n",
      "  -9.01317e+02  1.06195e+03 -1.79457e+00]\n",
      " [-7.68441e+05 -2.11877e-01  1.25225e+06 -2.33798e+01  6.49326e+06\n",
      "  -3.37689e+01  8.34258e+06  1.60647e+08  1.44967e+08  5.21028e+01\n",
      "   8.34261e+06  1.60647e+08  1.44967e+08  5.40369e+01 -7.32299e+08\n",
      "  -7.81873e+00  9.83161e+08 -6.05992e+01  5.33212e+07 -7.44277e+01\n",
      "   2.27742e+07  1.90938e+06  6.45966e+05  1.65680e+05  2.27743e+07\n",
      "   1.90938e+06  6.45965e+05  1.65680e+05]\n",
      " [ 1.38898e+01  5.05394e+04 -2.33798e+01  8.73612e+05 -1.38089e+02\n",
      "   1.23918e+06  4.85023e+05  1.43065e+05  8.24684e+03  8.66982e+00\n",
      "  -4.85378e+05 -1.49904e+05 -1.44180e+04 -8.66310e+00  1.55861e+04\n",
      "   3.32914e+05 -2.09253e+04  1.66466e+06 -1.13490e+03  2.07188e+06\n",
      "   5.98567e+05  1.67302e+04 -1.93278e+04  2.86634e+01 -5.99536e+05\n",
      "  -1.68115e+04  1.93003e+04 -3.57161e+01]\n",
      " [-3.87339e+06 -1.24324e+00  6.49326e+06 -1.38089e+02  3.83533e+07\n",
      "  -1.99459e+02  4.93081e+07  9.49791e+08  8.57094e+08  1.77485e+02\n",
      "   4.93083e+07  9.49791e+08  8.57094e+08  1.88921e+02 -4.32945e+09\n",
      "  -4.61745e+01  5.81257e+09 -3.58060e+02  3.15247e+08 -4.39766e+02\n",
      "   1.34646e+08  1.12892e+07  3.81926e+06  9.79548e+05  1.34646e+08\n",
      "   1.12892e+07  3.81925e+06  9.79548e+05]\n",
      " [ 2.00621e+01  7.00267e+04 -3.37689e+01  1.23918e+06 -1.99459e+02\n",
      "   1.76614e+06  6.92715e+05  2.03960e+05  1.27119e+04  1.23560e+01\n",
      "  -6.93228e+05 -2.13838e+05 -2.16257e+04 -1.23464e+01  2.25132e+04\n",
      "   4.69280e+05 -3.02253e+04  2.37889e+06 -1.63929e+03  2.96431e+06\n",
      "   8.56208e+05  2.40858e+04 -2.76469e+04  4.09877e+01 -8.57608e+05\n",
      "  -2.42032e+04  2.76072e+04 -5.11749e+01]\n",
      " [-4.97366e+06  2.71129e+04  8.34258e+06  4.85023e+05  4.93081e+07\n",
      "   6.92715e+05  6.36757e+07  1.22131e+09  1.10204e+09  2.23931e+02\n",
      "   6.31252e+07  1.22114e+09  1.10203e+09  2.27869e+02 -5.56676e+09\n",
      "   1.83102e+05  7.47375e+09  9.34477e+05  4.05340e+08  1.16546e+06\n",
      "   1.73463e+08  1.45248e+07  4.89984e+06  1.25950e+06  1.72789e+08\n",
      "   1.45058e+07  4.92155e+06  1.25947e+06]\n",
      " [-9.57480e+07  8.10204e+03  1.60647e+08  1.43065e+05  9.49791e+08\n",
      "   2.03960e+05  1.22131e+09  2.35250e+10  2.12290e+10  4.07826e+03\n",
      "   1.22115e+09  2.35250e+10  2.12290e+10  4.35765e+03 -1.07236e+11\n",
      "   5.40234e+04  1.43971e+11  2.73621e+05  7.80827e+09  3.40830e+05\n",
      "   3.33511e+09  2.79616e+08  9.45933e+07  2.42620e+07  3.33491e+09\n",
      "   2.79610e+08  9.45997e+07  2.42620e+07]\n",
      " [-8.64032e+07  4.56398e+02  1.44967e+08  8.24684e+03  8.57094e+08\n",
      "   1.27119e+04  1.10204e+09  2.12290e+10  1.91571e+10  3.68282e+03\n",
      "   1.10203e+09  2.12290e+10  1.91571e+10  3.93782e+03 -9.67696e+10\n",
      "   2.97709e+03  1.29920e+11  1.56921e+04  7.04619e+09  2.04724e+04\n",
      "   3.00953e+09  2.52324e+08  8.53639e+07  2.18941e+07  3.00951e+09\n",
      "   2.52323e+08  8.53642e+07  2.18941e+07]\n",
      " [-3.82048e+01  4.84851e-01  5.21028e+01  8.66982e+00  1.77485e+02\n",
      "   1.23560e+01  2.23931e+02  4.07826e+03  3.68282e+03  5.05188e+02\n",
      "   2.13161e+02  4.07439e+03  3.68220e+03  3.27883e-02 -1.84430e+04\n",
      "   3.27523e+00  2.47481e+04  1.66323e+01  1.34955e+03  2.07254e+01\n",
      "   5.81508e+02  4.92045e+01  1.63038e+01  8.85892e+00  5.69446e+02\n",
      "   4.88026e+01  1.66837e+01  4.20681e+00]\n",
      " [-4.97368e+06 -2.71161e+04  8.34261e+06 -4.85378e+05  4.93083e+07\n",
      "  -6.93228e+05  6.31252e+07  1.22115e+09  1.10203e+09  2.13161e+02\n",
      "   6.36762e+07  1.22131e+09  1.10204e+09  2.38632e+02 -5.56678e+09\n",
      "  -1.83221e+05  7.47378e+09 -9.35397e+05  4.05341e+08 -1.16659e+06\n",
      "   1.72789e+08  1.45058e+07  4.92158e+06  1.25947e+06  1.73464e+08\n",
      "   1.45249e+07  4.89984e+06  1.25951e+06]\n",
      " [-9.57480e+07 -8.16350e+03  1.60647e+08 -1.49904e+05  9.49791e+08\n",
      "  -2.13838e+05  1.22114e+09  2.35250e+10  2.12290e+10  4.07439e+03\n",
      "   1.22131e+09  2.35250e+10  2.12290e+10  4.36152e+03 -1.07236e+11\n",
      "  -5.63099e+04  1.43971e+11 -2.91355e+05  7.80827e+09 -3.62610e+05\n",
      "   3.33491e+09  2.79610e+08  9.45999e+07  2.42620e+07  3.33512e+09\n",
      "   2.79616e+08  9.45932e+07  2.42620e+07]\n",
      " [-8.64032e+07 -5.11867e+02  1.44967e+08 -1.44180e+04  8.57094e+08\n",
      "  -2.16257e+04  1.10203e+09  2.12290e+10  1.91571e+10  3.68220e+03\n",
      "   1.10204e+09  2.12290e+10  1.91571e+10  3.93844e+03 -9.67696e+10\n",
      "  -5.04052e+03  1.29920e+11 -3.16950e+04  7.04619e+09 -4.01270e+04\n",
      "   3.00951e+09  2.52323e+08  8.53644e+07  2.18941e+07  3.00953e+09\n",
      "   2.52324e+08  8.53637e+07  2.18941e+07]\n",
      " [-3.93574e+01 -4.84430e-01  5.40369e+01 -8.66310e+00  1.88921e+02\n",
      "  -1.23464e+01  2.27869e+02  4.35765e+03  3.93782e+03  3.27883e-02\n",
      "   2.38632e+02  4.36152e+03  3.93844e+03  5.05188e+02 -1.97342e+04\n",
      "  -3.27267e+00  2.64816e+04 -1.66200e+01  1.44357e+03 -2.07100e+01\n",
      "   6.09607e+02  5.21695e+01  1.78226e+01  4.49894e+00  6.21660e+02\n",
      "   5.25712e+01  1.74430e+01  9.15106e+00]\n",
      " [ 4.36449e+08  1.40080e+02 -7.32299e+08  1.55861e+04 -4.32945e+09\n",
      "   2.25132e+04 -5.56676e+09 -1.07236e+11 -9.67696e+10 -1.84430e+04\n",
      "  -5.56678e+09 -1.07236e+11 -9.67696e+10 -1.97342e+04  4.88820e+11\n",
      "   5.21148e+03 -6.56275e+11  4.04178e+04 -3.55930e+10  4.96406e+04\n",
      "  -1.52022e+10 -1.27458e+09 -4.31206e+08 -1.10595e+08 -1.52022e+10\n",
      "  -1.27458e+09 -4.31205e+08 -1.10595e+08]\n",
      " [ 4.64335e+00  2.09867e+04 -7.81873e+00  3.32914e+05 -4.61745e+01\n",
      "   4.69280e+05  1.83102e+05  5.40234e+04  2.97709e+03  3.27523e+00\n",
      "  -1.83221e+05 -5.63099e+04 -5.04052e+03 -3.27267e+00  5.21148e+03\n",
      "   1.29909e+05 -6.99673e+03  6.25982e+05 -3.79474e+02  7.78172e+05\n",
      "   2.24877e+05  6.24929e+03 -7.26007e+03  1.09002e+01 -2.25202e+05\n",
      "  -6.27647e+03  7.25088e+03 -1.32584e+01]\n",
      " [-5.85959e+08 -1.88062e+02  9.83161e+08 -2.09253e+04  5.81257e+09\n",
      "  -3.02253e+04  7.47375e+09  1.43971e+11  1.29920e+11  2.47481e+04\n",
      "   7.47378e+09  1.43971e+11  1.29920e+11  2.64816e+04 -6.56275e+11\n",
      "  -6.99673e+03  8.81094e+11 -5.42635e+04  4.77860e+10 -6.66457e+04\n",
      "   2.04100e+10  1.71121e+09  5.78923e+08  1.48481e+08  2.04101e+10\n",
      "   1.71121e+09  5.78922e+08  1.48481e+08]\n",
      " [ 3.60289e+01  9.19025e+04 -6.05992e+01  1.66466e+06 -3.58060e+02\n",
      "   2.37889e+06  9.34477e+05  2.73621e+05  1.56921e+04  1.66323e+01\n",
      "  -9.35397e+05 -2.91355e+05 -3.16950e+04 -1.66200e+01  4.04178e+04\n",
      "   6.25982e+05 -5.42635e+04  3.21866e+06 -2.94301e+03  4.01229e+06\n",
      "   1.15853e+06  3.26331e+04 -3.74278e+04  5.32501e+01 -1.16104e+06\n",
      "  -3.28439e+04  3.73565e+04 -7.15391e+01]\n",
      " [-3.17800e+07 -1.02005e+01  5.33212e+07 -1.13490e+03  3.15247e+08\n",
      "  -1.63929e+03  4.05340e+08  7.80827e+09  7.04619e+09  1.34955e+03\n",
      "   4.05341e+08  7.80827e+09  7.04619e+09  1.44357e+03 -3.55930e+10\n",
      "  -3.79474e+02  4.77860e+10 -2.94301e+03  2.59167e+09 -3.61456e+03\n",
      "   1.10693e+09  9.28073e+07  3.13979e+07  8.05288e+06  1.10694e+09\n",
      "   9.28073e+07  3.13978e+07  8.05288e+06]\n",
      " [ 4.42488e+01  1.13848e+05 -7.44277e+01  2.07188e+06 -4.39766e+02\n",
      "   2.96431e+06  1.16546e+06  3.40830e+05  2.04724e+04  2.07254e+01\n",
      "  -1.16659e+06 -3.62610e+05 -4.01270e+04 -2.07100e+01  4.96406e+04\n",
      "   7.78172e+05 -6.66457e+04  4.01229e+06 -3.61456e+03  5.00409e+06\n",
      "   1.44480e+06  4.08124e+04 -4.66739e+04  6.66000e+01 -1.44789e+06\n",
      "  -4.10713e+04  4.65863e+04 -8.90623e+01]\n",
      " [-1.35736e+07  3.29380e+04  2.27742e+07  5.98567e+05  1.34646e+08\n",
      "   8.56208e+05  1.73463e+08  3.33511e+09  3.00953e+09  5.81508e+02\n",
      "   1.72789e+08  3.33491e+09  3.00951e+09  6.09607e+02 -1.52022e+10\n",
      "   2.24877e+05  2.04100e+10  1.15853e+06  1.10693e+09  1.44480e+06\n",
      "   4.73204e+08  3.96510e+07  1.33970e+07  3.43951e+06  4.72369e+08\n",
      "   3.96273e+07  1.34239e+07  3.43947e+06]\n",
      " [-1.13808e+06  9.00587e+02  1.90938e+06  1.67302e+04  1.12892e+07\n",
      "   2.40858e+04  1.45248e+07  2.79616e+08  2.52324e+08  4.92045e+01\n",
      "   1.45058e+07  2.79610e+08  2.52323e+08  5.21695e+01 -1.27458e+09\n",
      "   6.24929e+03  1.71121e+09  3.26331e+04  9.28073e+07  4.08124e+04\n",
      "   3.96510e+07  3.32377e+06  1.12398e+06  2.88374e+05  3.96274e+07\n",
      "   3.32309e+06  1.12474e+06  2.88372e+05]\n",
      " [-3.85016e+05 -1.06220e+03  6.45966e+05 -1.93278e+04  3.81926e+06\n",
      "  -2.76469e+04  4.89984e+06  9.45933e+07  8.53639e+07  1.63038e+01\n",
      "   4.92158e+06  9.45999e+07  8.53644e+07  1.78226e+01 -4.31206e+08\n",
      "  -7.26007e+03  5.78923e+08 -3.74278e+04  3.13979e+07 -4.66739e+04\n",
      "   1.33970e+07  1.12398e+06  3.80821e+05  9.75595e+04  1.34239e+07\n",
      "   1.12474e+06  3.79949e+05  9.75609e+04]\n",
      " [-9.87484e+04  1.73118e+00  1.65680e+05  2.86634e+01  9.79548e+05\n",
      "   4.09877e+01  1.25950e+06  2.42620e+07  2.18941e+07  8.85892e+00\n",
      "   1.25947e+06  2.42620e+07  2.18941e+07  4.49894e+00 -1.10595e+08\n",
      "   1.09002e+01  1.48481e+08  5.32501e+01  8.05288e+06  6.66000e+01\n",
      "   3.43951e+06  2.88374e+05  9.75595e+04  2.50277e+04  3.43947e+06\n",
      "   2.88372e+05  9.75607e+04  2.50221e+04]\n",
      " [-1.35736e+07 -3.29467e+04  2.27743e+07 -5.99536e+05  1.34646e+08\n",
      "  -8.57608e+05  1.72789e+08  3.33491e+09  3.00951e+09  5.69446e+02\n",
      "   1.73464e+08  3.33512e+09  3.00953e+09  6.21660e+02 -1.52022e+10\n",
      "  -2.25202e+05  2.04101e+10 -1.16104e+06  1.10694e+09 -1.44789e+06\n",
      "   4.72369e+08  3.96274e+07  1.34239e+07  3.43947e+06  4.73206e+08\n",
      "   3.96511e+07  1.33969e+07  3.43952e+06]\n",
      " [-1.13808e+06 -9.01317e+02  1.90938e+06 -1.68115e+04  1.12892e+07\n",
      "  -2.42032e+04  1.45058e+07  2.79610e+08  2.52323e+08  4.88026e+01\n",
      "   1.45249e+07  2.79616e+08  2.52324e+08  5.25712e+01 -1.27458e+09\n",
      "  -6.27647e+03  1.71121e+09 -3.28439e+04  9.28073e+07 -4.10713e+04\n",
      "   3.96273e+07  3.32309e+06  1.12474e+06  2.88372e+05  3.96511e+07\n",
      "   3.32378e+06  1.12397e+06  2.88374e+05]\n",
      " [-3.85015e+05  1.06195e+03  6.45965e+05  1.93003e+04  3.81925e+06\n",
      "   2.76072e+04  4.92155e+06  9.45997e+07  8.53642e+07  1.66837e+01\n",
      "   4.89984e+06  9.45932e+07  8.53637e+07  1.74430e+01 -4.31205e+08\n",
      "   7.25088e+03  5.78922e+08  3.73565e+04  3.13978e+07  4.65863e+04\n",
      "   1.34239e+07  1.12474e+06  3.79949e+05  9.75607e+04  1.33969e+07\n",
      "   1.12397e+06  3.80820e+05  9.75592e+04]\n",
      " [-9.87484e+04 -1.79457e+00  1.65680e+05 -3.57161e+01  9.79548e+05\n",
      "  -5.11749e+01  1.25947e+06  2.42620e+07  2.18941e+07  4.20681e+00\n",
      "   1.25951e+06  2.42620e+07  2.18941e+07  9.15106e+00 -1.10595e+08\n",
      "  -1.32584e+01  1.48481e+08 -7.15391e+01  8.05288e+06 -8.90623e+01\n",
      "   3.43947e+06  2.88372e+05  9.75609e+04  2.50221e+04  3.43952e+06\n",
      "   2.88374e+05  9.75592e+04  2.50277e+04]]\n",
      "K:\n",
      "[[-0.092    0.11419 -0.05492  3.29786  0.59611  5.20483  2.57882  2.9014\n",
      "   2.53107  0.00141 -1.7961   1.84214  2.2653   0.00162 -3.37459  1.12118\n",
      "   4.01336  7.23629  0.60139  9.41693  2.99782  0.05247  0.0246   0.00284\n",
      "  -2.49689 -0.03493  0.09978  0.00283]\n",
      " [-0.09212 -0.11419 -0.05473 -3.29787  0.59721 -5.20484 -1.79469  1.86943\n",
      "   2.28993  0.00162  2.58024  2.9287   2.55569  0.00141 -3.49899 -1.12119\n",
      "   4.18038 -7.2363   0.61045 -9.41694 -2.49303 -0.03461  0.09989  0.00286\n",
      "   3.00169  0.05279  0.0247   0.00287]\n",
      " [ 0.01244  0.00016  0.00707  0.00815 -0.06113  0.01364  0.10954 -0.11044\n",
      "  -0.17744  0.90715 -0.12594 -0.289   -0.24624 -0.00012  0.58205  0.00254\n",
      "  -0.72102  0.01935 -0.06955  0.02569 -0.0106   0.00491  0.00117  0.90635\n",
      "  -0.0369  -0.00485 -0.00258 -0.00028]\n",
      " [ 0.01244 -0.00015  0.00706 -0.00813 -0.06113 -0.01362 -0.12593 -0.28899\n",
      "  -0.24623 -0.00012  0.10953 -0.11043 -0.17743  0.90715  0.58198 -0.00254\n",
      "  -0.72093 -0.01933 -0.06955 -0.02566 -0.03689 -0.00484 -0.00258 -0.00028\n",
      "  -0.0106   0.00491  0.00117  0.90635]]\n",
      "sim_data.time: 0.0\n",
      "sim_data.qpos:\n",
      " [ 0.      -0.       0.12096  1.       0.      -0.00009 -0.       0.00037\n",
      " -0.00025  0.00025  0.       0.00037 -0.00025  0.00025  0.     ]\n",
      "sim_data.time: 0.002\n",
      "sim_data.qpos:\n",
      " [ 0.00001 -0.       0.12086  1.       0.      -0.00033  0.       0.00143\n",
      " -0.00098  0.00098 -0.       0.00146 -0.001    0.001   -0.     ]\n",
      "sim_data.time: 0.004\n",
      "sim_data.qpos:\n",
      " [ 0.00003 -0.       0.12072  1.       0.      -0.00071  0.00001  0.00311\n",
      " -0.00221  0.00223 -0.00001  0.00319 -0.00227  0.00229 -0.00001]\n",
      "sim_data.time: 0.006\n",
      "sim_data.qpos:\n",
      " [ 0.00005 -0.       0.12054  1.       0.00001 -0.00121  0.00001  0.00535\n",
      " -0.00396  0.00401 -0.00003  0.0055  -0.00408  0.00413 -0.00003]\n",
      "sim_data.time: 0.008\n",
      "sim_data.qpos:\n",
      " [ 0.00007 -0.       0.1203   1.       0.00001 -0.00181  0.00002  0.00809\n",
      " -0.00624  0.00636 -0.00005  0.00834 -0.00644  0.00656 -0.00006]\n",
      "sim_data.time: 0.01\n",
      "sim_data.qpos:\n",
      " [ 0.0001  -0.       0.12002  1.       0.00002 -0.00249  0.00003  0.01127\n",
      " -0.00907  0.00928 -0.0001   0.01163 -0.00938  0.00959 -0.0001 ]\n",
      "sim_data.time: 0.012\n",
      "sim_data.qpos:\n",
      " [ 0.00013 -0.       0.11969  0.99999  0.00003 -0.00323  0.00004  0.01483\n",
      " -0.01247  0.0128  -0.00016  0.01531 -0.0129   0.01325 -0.00016]\n",
      "sim_data.time: 0.014\n",
      "sim_data.qpos:\n",
      " [ 0.00017 -0.       0.11931  0.99999  0.00004 -0.00401  0.00005  0.0187\n",
      " -0.01644  0.01695 -0.00023  0.01932 -0.01702  0.01756 -0.00023]\n",
      "sim_data.time: 0.016\n",
      "sim_data.qpos:\n",
      " [ 0.0002  -0.       0.11889  0.99999  0.00005 -0.0048   0.00007  0.02281\n",
      " -0.02102  0.02176 -0.00032  0.02357 -0.02178  0.02255 -0.00032]\n",
      "sim_data.time: 0.018000000000000002\n",
      "sim_data.qpos:\n",
      " [ 0.00024 -0.       0.11842  0.99998  0.00006 -0.0056   0.00008  0.02713\n",
      " -0.02621  0.02723 -0.00043  0.02804 -0.02718  0.02824 -0.00043]\n",
      "sim_data.time: 0.020000000000000004\n",
      "sim_data.qpos:\n",
      " [ 0.00027 -0.       0.11791  0.99998  0.00007 -0.00639  0.00009  0.03161\n",
      " -0.03202  0.03339 -0.00056  0.03268 -0.03323  0.03466 -0.00056]\n",
      "sim_data.time: 0.022000000000000006\n",
      "sim_data.qpos:\n",
      " [ 0.00031 -0.       0.11734  0.99997  0.00008 -0.00718  0.0001   0.03625\n",
      " -0.03847  0.04025 -0.0007   0.03749 -0.03995  0.0418  -0.0007 ]\n",
      "sim_data.time: 0.024000000000000007\n",
      "sim_data.qpos:\n",
      " [ 0.00034 -0.       0.11674  0.99997  0.0001  -0.00795  0.00011  0.04104\n",
      " -0.04556  0.04779 -0.00087  0.04247 -0.04734  0.04968 -0.00087]\n",
      "sim_data.time: 0.02600000000000001\n",
      "sim_data.qpos:\n",
      " [ 0.00038 -0.00001  0.11608  0.99996  0.00012 -0.00872  0.00013  0.046\n",
      " -0.05327  0.05603 -0.00105  0.04764 -0.05539  0.05827 -0.00105]\n",
      "sim_data.time: 0.02800000000000001\n",
      "sim_data.qpos:\n",
      " [ 0.00042 -0.00001  0.11538  0.99995  0.00014 -0.00949  0.00014  0.05113\n",
      " -0.06161  0.06494 -0.00126  0.05299 -0.06411  0.06759 -0.00126]\n",
      "sim_data.time: 0.030000000000000013\n",
      "sim_data.qpos:\n",
      " [ 0.00045 -0.00001  0.11463  0.99995  0.00016 -0.01025  0.00016  0.05643\n",
      " -0.07056  0.07453 -0.00149  0.05855 -0.07348  0.07761 -0.00149]\n",
      "sim_data.time: 0.032000000000000015\n",
      "sim_data.qpos:\n",
      " [ 0.00049 -0.00001  0.11384  0.99994  0.00018 -0.01103  0.00017  0.06193\n",
      " -0.08013  0.08477 -0.00175  0.06433 -0.08351  0.08835 -0.00174]\n",
      "sim_data.time: 0.034000000000000016\n",
      "sim_data.qpos:\n",
      " [ 0.00053 -0.00001  0.11299  0.99993  0.00021 -0.01181  0.00019  0.06762\n",
      " -0.0903   0.09566 -0.00203  0.07033 -0.09418  0.09978 -0.00202]\n",
      "sim_data.time: 0.03600000000000002\n",
      "sim_data.qpos:\n",
      " [ 0.00057 -0.00001  0.11211  0.99992  0.00024 -0.01261  0.00022  0.07352\n",
      " -0.10107  0.10719 -0.00233  0.07656 -0.10551  0.1119  -0.00232]\n",
      "sim_data.time: 0.03800000000000002\n",
      "sim_data.qpos:\n",
      " [ 0.00061 -0.00001  0.11117  0.99991  0.00027 -0.01342  0.00024  0.07962\n",
      " -0.11243  0.11936 -0.00265  0.08305 -0.1175   0.12472 -0.00264]\n",
      "sim_data.time: 0.04000000000000002\n",
      "sim_data.qpos:\n",
      " [ 0.00065 -0.00001  0.11019  0.9999   0.00031 -0.01425  0.00027  0.08595\n",
      " -0.12438  0.13214 -0.003    0.08979 -0.13013  0.13823 -0.00299]\n",
      "sim_data.time: 0.04200000000000002\n",
      "sim_data.qpos:\n",
      " [ 0.00069 -0.00002  0.10916  0.99989  0.00035 -0.0151   0.0003   0.09249\n",
      " -0.1369   0.14553 -0.00338  0.09681 -0.14341  0.15243 -0.00337]\n",
      "sim_data.time: 0.044000000000000025\n",
      "sim_data.qpos:\n",
      " [ 0.00073 -0.00002  0.10808  0.99987  0.0004  -0.01598  0.00033  0.09927\n",
      " -0.14999  0.15952 -0.00378  0.1041  -0.15736  0.16731 -0.00376]\n",
      "sim_data.time: 0.04600000000000003\n",
      "sim_data.qpos:\n",
      " [ 0.00077 -0.00002  0.10695  0.99986  0.00045 -0.01689  0.00037  0.10627\n",
      " -0.16365  0.1741  -0.0042   0.11169 -0.17196  0.18289 -0.00419]\n",
      "sim_data.time: 0.04800000000000003\n",
      "sim_data.qpos:\n",
      " [ 0.00082 -0.00002  0.10578  0.99984  0.00052 -0.01783  0.00041  0.11351\n",
      " -0.17787  0.18926 -0.00465  0.11959 -0.18723  0.19915 -0.00464]\n",
      "sim_data.time: 0.05000000000000003\n",
      "sim_data.qpos:\n",
      " [ 0.00087 -0.00003  0.10456  0.99982  0.00059 -0.01881  0.00046  0.12098\n",
      " -0.19263  0.20498 -0.00513  0.1278  -0.20317  0.2161  -0.00511]\n",
      "sim_data.time: 0.05200000000000003\n",
      "sim_data.qpos:\n",
      " [ 0.00091 -0.00003  0.10329  0.9998   0.00066 -0.01982  0.00051  0.12869\n",
      " -0.20794  0.22126 -0.00563  0.13635 -0.21979  0.23376 -0.00561]\n",
      "sim_data.time: 0.054000000000000034\n",
      "sim_data.qpos:\n",
      " [ 0.00096 -0.00003  0.10197  0.99978  0.00076 -0.02087  0.00057  0.13663\n",
      " -0.22377  0.23807 -0.00616  0.14524 -0.23711  0.25212 -0.00614]\n",
      "sim_data.time: 0.056000000000000036\n",
      "sim_data.qpos:\n",
      " [ 0.00102 -0.00004  0.1006   0.99976  0.00086 -0.02197  0.00064  0.1448\n",
      " -0.24012  0.2554  -0.00671  0.15449 -0.25513  0.2712  -0.00669]\n",
      "sim_data.time: 0.05800000000000004\n",
      "sim_data.qpos:\n",
      " [ 0.00107 -0.00004  0.09918  0.99973  0.00098 -0.02311  0.00072  0.1532\n",
      " -0.25696  0.27323 -0.00729  0.16412 -0.27388  0.291   -0.00727]\n",
      "sim_data.time: 0.06000000000000004\n",
      "sim_data.qpos:\n",
      " [ 0.00112 -0.00005  0.09772  0.9997   0.00112 -0.02429  0.00081  0.16182\n",
      " -0.27429  0.29154 -0.0079   0.17415 -0.29337  0.31156 -0.00787]\n",
      "sim_data.time: 0.06200000000000004\n",
      "sim_data.qpos:\n",
      " [ 0.00118 -0.00005  0.0962   0.99967  0.00128 -0.02553  0.00091  0.17064\n",
      " -0.29209  0.31031 -0.00853  0.18461 -0.31363  0.33288 -0.0085 ]\n",
      "sim_data.time: 0.06400000000000004\n",
      "sim_data.qpos:\n",
      " [ 0.00124 -0.00006  0.09464  0.99964  0.00147 -0.02682  0.00103  0.17966\n",
      " -0.31032  0.32949 -0.00919  0.19551 -0.3347   0.355   -0.00915]\n",
      "sim_data.time: 0.06600000000000004\n",
      "sim_data.qpos:\n",
      " [ 0.0013  -0.00007  0.09303  0.9996   0.00169 -0.02816  0.00117  0.18884\n",
      " -0.32895  0.34906 -0.00988  0.2069  -0.3566   0.37795 -0.00983]\n",
      "sim_data.time: 0.06800000000000005\n",
      "sim_data.qpos:\n",
      " [ 0.00136 -0.00007  0.09136  0.99956  0.00195 -0.02956  0.00133  0.19817\n",
      " -0.34795  0.36898 -0.01059  0.2188  -0.3794   0.40178 -0.01054]\n",
      "sim_data.time: 0.07000000000000005\n",
      "sim_data.qpos:\n",
      " [ 0.00143 -0.00009  0.08965  0.99952  0.00226 -0.03101  0.00152  0.20761\n",
      " -0.36727  0.38917 -0.01133  0.23126 -0.40314  0.42654 -0.01127]\n",
      "sim_data.time: 0.07200000000000005\n",
      "sim_data.qpos:\n",
      " [ 0.00149 -0.0001   0.08789  0.99947  0.00263 -0.03253  0.00174  0.21711\n",
      " -0.38684  0.40959 -0.0121   0.24434 -0.4279   0.45229 -0.01203]\n",
      "sim_data.time: 0.07400000000000005\n",
      "sim_data.qpos:\n",
      " [ 0.00156 -0.00011  0.08607  0.99941  0.00308 -0.0341   0.002    0.22662\n",
      " -0.40659  0.43014 -0.01289  0.25811 -0.45378  0.47913 -0.01281]\n",
      "sim_data.time: 0.07600000000000005\n",
      "sim_data.qpos:\n",
      " [ 0.00163 -0.00013  0.08421  0.99935  0.00362 -0.03574  0.00231  0.23605\n",
      " -0.42642  0.45071 -0.01371  0.27265 -0.48087  0.50716 -0.01362]\n",
      "sim_data.time: 0.07800000000000006\n",
      "sim_data.qpos:\n",
      " [ 0.00171 -0.00015  0.08229  0.99929  0.00428 -0.03744  0.00269  0.24531\n",
      " -0.44619  0.47118 -0.01456  0.28806 -0.50933  0.53652 -0.01446]\n",
      "sim_data.time: 0.08000000000000006\n",
