{
 "cells": [
  {
   "cell_type": "code",
   "execution_count": 211,
   "id": "53675a3c-52ee-4fd0-b35c-689aa8ced49f",
   "metadata": {},
   "outputs": [],
   "source": [
    "import copy\n",
    "import mujoco\n",
    "from dm_control import mjcf\n",
    "import numpy as np\n",
    "import cv2\n",
    "import scipy\n",
    "from scipy.spatial.transform import Rotation as Rotater\n",
    "import common\n",
    "from dm_control.mujoco import Physics\n",
    "from lxml import etree\n",
    "from dm_control.suite import base\n",
    "from dm_control.rl import control\n",
    "from dm_control import viewer\n",
    "import mediapy as media\n",
    "\n",
    "np.set_printoptions(precision=5, suppress=True)"
   ]
  },
  {
   "cell_type": "code",
   "execution_count": 212,
   "id": "bb4e2694",
   "metadata": {},
   "outputs": [],
   "source": [
    "\n",
    "def compute_gains(model, data, configuration, Q, R):\n",
    "    # 1. Set configuration and find control that stabilizes it (ctrl0)\n",
    "    newdata = mujoco.MjData(model)\n",
    "    newdata = copy.copy(data)\n",
    "\n",
    "    mujoco.mj_resetData(model, newdata)\n",
    "    newdata.qpos = configuration\n",
    "    # compute the control\n",
    "    mujoco.mj_forward(model, newdata)\n",
    "    newdata.qacc = 0\n",
    "    mujoco.mj_inverse(model, newdata)\n",
    "\n",
    "    # define control and configuration to linearize around\n",
    "    # print(newdata.qfrc_actuator)\n",
    "    ctrl0 = newdata.qfrc_inverse.copy() @ np.linalg.pinv(newdata.actuator_moment)\n",
    "    # ctrl0[:] = 0\n",
    "    qpos0 = newdata.qpos.copy()\n",
    "    print('ctrl0:\\n', ctrl0)\n",
    "    print('qpos0:\\n', qpos0)\n",
    "\n",
    "    # 2. Compute LQR gains given weights\n",
    "    mujoco.mj_resetData(model, newdata)\n",
    "    newdata.ctrl = ctrl0\n",
    "    newdata.qpos = qpos0\n",
    "    # print('newdata.ctrl:\\n', newdata.ctrl)\n",
    "\n",
    "    # 3. Allocate the A and B matrices, compute them.\n",
    "    A = np.zeros((2 * model.nv, 2 * model.nv))\n",
    "    B = np.zeros((2 * model.nv, model.nu))\n",
    "    epsilon = 1e-6\n",
    "    flg_centered = True\n",
    "    mujoco.mjd_transitionFD(model, newdata, epsilon, flg_centered, A, B, None, None)\n",
    "    \n",
    "\n",
    "    #print A, B, Q, R in format 'A:\\n{}\\n'\n",
    "    print('A:\\n{}\\nB:\\n{}\\nQ:\\n{}\\nR:\\n{}'.format(A.shape, B.shape, Q.shape, R.shape))\n",
    "    print('A:\\n{}\\nB:\\n{}\\nQ:\\n{}\\nR:\\n{}'.format(A, B, Q, R))\n",
    "\n",
    "    # return None, None\n",
    "\n",
    "    # Solve discrete Riccati equation.\n",
    "    P = scipy.linalg.solve_discrete_are(A, B, Q, R)\n",
    "    print('P:\\n{}'.format(P.shape))\n",
    "\n",
    "    # Compute the feedback gain matrix K.\n",
    "    K = np.linalg.inv(R + B.T @ P @ B) @ B.T @ P @ A\n",
    "\n",
    "    #print P, K in format 'A:\\n{}\\n'\n",
    "    print('P:\\n{}\\nK:\\n{}'.format(P, K))\n",
    "\n",
    "    return ctrl0, K"
   ]
  },
  {
   "cell_type": "code",
   "execution_count": 213,
   "id": "bdeba0d3-33fe-4c14-b218-e43cdac591c7",
   "metadata": {},
   "outputs": [
    {
     "name": "stdout",
     "output_type": "stream",
     "text": [
      "sim_model.nv: 14 sim_model.nu: 4 sim_model.nq: 15 sim_model.na: 0\n",
      "sim_data.qpos: [0.    0.    0.109 1.    0.    0.    0.    0.    0.    0.    0.    0.\n",
      " 0.    0.    0.   ] \n",
      "sim_data.qvel: [0. 0. 0. 0. 0. 0. 0. 0. 0. 0. 0. 0. 0. 0.] \n",
      "sim_data.qacc: [0. 0. 0. 0. 0. 0. 0. 0. 0. 0. 0. 0. 0. 0.] \n",
      "sim_data.ctrl: [0. 0. 0. 0.]\n",
      "sim_data.site_xpos: [[0. 0. 0.]] \n",
      "sim_data.site_xmat: [[0. 0. 0. 0. 0. 0. 0. 0. 0.]]\n",
      "ang_euler: [0, 0, 0] quat: [0. 0. 0. 1.]\n",
      "ctrl0:\n",
      " [-0.05787 -0.05787 -0.      -0.     ]\n",
      "qpos0:\n",
      " [0.    0.    0.108 1.    0.    0.    0.    0.    0.    0.    0.    0.\n",
      " 0.    0.    0.   ]\n",
      "A:\n",
      "(28, 28)\n",
      "B:\n",
      "(28, 4)\n",
      "Q:\n",
      "(28, 28)\n",
      "R:\n",
      "(4, 4)\n",
      "A:\n",
      "[[  1.        0.       -0.00005   0.        0.00004  -0.       -0.00004\n",
      "   -0.00002  -0.00002  -0.       -0.00004  -0.00002  -0.00002  -0.\n",
      "    0.002    -0.       -0.        0.        0.        0.       -0.\n",
      "   -0.        0.        0.       -0.       -0.        0.        0.     ]\n",
      " [  0.        1.       -0.        0.00043  -0.       -0.       -0.00012\n",
      "   -0.00007   0.00003   0.        0.00012   0.00007  -0.00003   0.\n",
      "   -0.        0.00189  -0.        0.       -0.        0.        0.\n",
      "   -0.        0.        0.       -0.        0.       -0.       -0.     ]\n",
      " [  0.        0.        0.99413   0.       -0.00001   0.        0.00012\n",
      "    0.00008  -0.00003   0.        0.00012   0.00008  -0.00003   0.\n",
      "    0.00001   0.        0.00177   0.       -0.        0.       -0.\n",
      "    0.       -0.       -0.       -0.        0.       -0.       -0.     ]\n",
      " [  0.        0.       -0.        0.997    -0.       -0.00041   0.0009\n",
      "    0.00054  -0.00018   0.       -0.0009   -0.00054   0.00018   0.\n",
      "    0.       -0.00181   0.        0.00158   0.       -0.00001  -0.00001\n",
      "    0.00002  -0.00002  -0.        0.00001  -0.00002   0.00002   0.     ]\n",
      " [  0.        0.       -0.00974  -0.        1.00032   0.        0.00695\n",
      "    0.00192  -0.00014   0.        0.00695   0.00192  -0.00014   0.\n",
      "    0.00218   0.       -0.00039  -0.        0.00165  -0.       -0.00003\n",
      "   -0.        0.00001  -0.00003  -0.00003  -0.        0.00001  -0.00003]\n",
      " [  0.        0.        0.       -0.00058  -0.        1.        0.00671\n",
      "    0.00217   0.00023   0.       -0.00671  -0.00217  -0.00023   0.\n",
      "   -0.       -0.00009   0.       -0.00005  -0.        0.00178  -0.00001\n",
      "    0.        0.       -0.00003   0.00001  -0.       -0.        0.00003]\n",
      " [  0.        0.       -0.02305  -0.0037    0.        0.        0.98677\n",
      "    0.00051   0.00021  -0.       -0.00351  -0.00105   0.00024  -0.\n",
      "    0.00011   0.00106  -0.00092   0.00003  -0.00002  -0.00006   0.00166\n",
      "   -0.00003   0.00003  -0.00002   0.00002  -0.00001   0.00001   0.00001]\n",
      " [  0.        0.        0.06599   0.00864   0.00009   0.        0.00344\n",
      "    0.9919   -0.00084   0.        0.00074   0.00054  -0.00026   0.\n",
      "    0.00026  -0.0021    0.00264  -0.       -0.00004  -0.00002  -0.00004\n",
      "    0.00166  -0.00007  -0.00001  -0.00001   0.00002  -0.00002   0.     ]\n",
      " [ -0.        0.       -0.06644  -0.00869  -0.00009   0.       -0.00366\n",
      "   -0.00192   0.99125   0.       -0.00071  -0.00053   0.00026   0.\n",
      "   -0.00026   0.00211  -0.00265  -0.        0.00004   0.00002   0.00004\n",
      "   -0.00007   0.00169   0.00001   0.00001  -0.00002   0.00002  -0.     ]\n",
      " [ -0.        0.       -0.00521  -0.00093  -0.00039  -0.        0.00346\n",
      "    0.00208   0.00052   1.       -0.00293  -0.00077   0.00013  -0.\n",
      "    0.00088   0.00027  -0.00023   0.       -0.00014  -0.00012  -0.00012\n",
      "   -0.00003   0.00001   0.00193   0.00001  -0.       -0.        0.00001]\n",
      " [ -0.        0.       -0.02305   0.0037    0.       -0.       -0.00351\n",
      "   -0.00105   0.00024  -0.        0.98677   0.00051   0.00021  -0.\n",
      "    0.00011  -0.00106  -0.00092  -0.00003  -0.00002   0.00006   0.00002\n",
      "   -0.00001   0.00001   0.00001   0.00166  -0.00003   0.00003  -0.00002]\n",
      " [ -0.        0.        0.06599  -0.00864   0.00009   0.        0.00074\n",
      "    0.00054  -0.00026  -0.        0.00344   0.9919   -0.00084  -0.\n",
      "    0.00026   0.0021    0.00264   0.       -0.00004   0.00002  -0.00001\n",
      "    0.00002  -0.00002   0.       -0.00004   0.00166  -0.00007  -0.00001]\n",
      " [ -0.        0.       -0.06644   0.00869  -0.00009  -0.       -0.00071\n",
      "   -0.00053   0.00026  -0.       -0.00366  -0.00192   0.99125  -0.\n",
      "   -0.00026  -0.00211  -0.00265   0.        0.00004  -0.00002   0.00001\n",
      "   -0.00002   0.00002  -0.        0.00004  -0.00007   0.00169   0.00001]\n",
      " [ -0.        0.       -0.00521   0.00093  -0.00039   0.       -0.00293\n",
      "   -0.00077   0.00013  -0.        0.00346   0.00208   0.00052   1.\n",
      "    0.00088  -0.00027  -0.00023  -0.       -0.00014   0.00012   0.00001\n",
      "   -0.       -0.        0.00001  -0.00012  -0.00003   0.00001   0.00193]\n",
      " [  0.        0.       -0.02535   0.        0.01859  -0.       -0.01951\n",
      "   -0.01065  -0.00958  -0.       -0.01951  -0.01065  -0.00958  -0.\n",
      "    0.99928  -0.       -0.00124   0.        0.00011   0.       -0.00049\n",
      "   -0.00005   0.00012   0.00001  -0.00049  -0.00005   0.00012   0.00001]\n",
      " [  0.       -0.       -0.        0.2136   -0.       -0.00148  -0.05901\n",
      "   -0.03551   0.01317   0.        0.05901   0.03551  -0.01317   0.\n",
      "   -0.        0.94481  -0.        0.00042  -0.        0.00074   0.00072\n",
      "   -0.0011    0.00115   0.00011  -0.00072   0.0011   -0.00115  -0.00011]\n",
      " [ -0.        0.       -2.93435   0.       -0.00574  -0.        0.06191\n",
      "    0.0397   -0.01632  -0.        0.06191   0.0397   -0.01632  -0.\n",
      "    0.00532   0.        0.88251  -0.       -0.00106   0.       -0.00077\n",
      "    0.00137  -0.00147  -0.00007  -0.00077   0.00137  -0.00147  -0.00007]\n",
      " [ -0.        0.       -0.       -1.49879  -0.        0.        0.45317\n",
      "    0.26877  -0.0906    0.       -0.45317  -0.26877   0.0906    0.\n",
      "    0.       -0.90389   0.        0.79116   0.       -0.00431  -0.00529\n",
      "    0.00794  -0.00802  -0.00094   0.00529  -0.00794   0.00802   0.00094]\n",
      " [ -0.        0.       -4.86789  -0.        0.16226   0.        3.47483\n",
      "    0.95937  -0.07238   0.        3.47483   0.95937  -0.07238   0.\n",
      "    1.08998   0.       -0.19634  -0.        0.82648  -0.       -0.01283\n",
      "   -0.00081   0.00274  -0.01438  -0.01283  -0.00081   0.00274  -0.01438]\n",
      " [ -0.        0.        0.       -0.4963   -0.       -0.        3.35319\n",
      "    1.08452   0.116     0.       -3.35319  -1.08452  -0.116     0.\n",
      "   -0.       -0.04712   0.       -0.02747  -0.        0.89004  -0.00667\n",
      "    0.00056   0.00001  -0.0133    0.00667  -0.00056  -0.00001   0.0133 ]\n",
      " [  0.        0.      -11.5236   -1.85007   0.00116   0.       -6.61683\n",
      "    0.25561   0.10515  -0.       -1.756    -0.52693   0.12185  -0.\n",
      "    0.05414   0.53117  -0.46034   0.0134   -0.00946  -0.0314    0.82994\n",
      "   -0.01505   0.01579  -0.00777   0.00756  -0.0047    0.00427   0.00632]\n",
      " [  0.        0.       32.99337   4.32036   0.04622   0.        1.72208\n",
      "   -4.04894  -0.41985   0.        0.36801   0.26775  -0.13015   0.\n",
      "    0.12888  -1.05056   1.31779  -0.00025  -0.01803  -0.00852  -0.02127\n",
      "    0.82903  -0.03677  -0.00347  -0.00498   0.01084  -0.01202   0.00012]\n",
      " [ -0.        0.      -33.21889  -4.345    -0.04649   0.       -1.82779\n",
      "   -0.96214  -4.37275   0.       -0.35445  -0.26604   0.13006   0.\n",
      "   -0.12936   1.05459  -1.3268   -0.00007   0.01809   0.00862   0.02049\n",
      "   -0.03632   0.84343   0.00352   0.00508  -0.01086   0.01206  -0.00016]\n",
      " [ -0.        0.       -2.60705  -0.46728  -0.19716  -0.        1.73128\n",
      "    1.04115   0.25932  -0.       -1.46472  -0.38536   0.06475  -0.\n",
      "    0.43949   0.13498  -0.11675   0.00246  -0.07004  -0.0603   -0.06041\n",
      "   -0.01561   0.0046    0.96344   0.00488  -0.00064  -0.00027   0.00573]\n",
      " [ -0.        0.      -11.5236    1.85007   0.00116  -0.       -1.756\n",
      "   -0.52693   0.12185  -0.       -6.61683   0.25561   0.10515  -0.\n",
      "    0.05414  -0.53117  -0.46034  -0.0134   -0.00946   0.0314    0.00756\n",
      "   -0.0047    0.00427   0.00632   0.82994  -0.01505   0.01579  -0.00777]\n",
      " [ -0.        0.       32.99337  -4.32036   0.04622   0.        0.36801\n",
      "    0.26775  -0.13015  -0.        1.72208  -4.04894  -0.41985  -0.\n",
      "    0.12888   1.05056   1.31779   0.00025  -0.01803   0.00852  -0.00498\n",
      "    0.01084  -0.01202   0.00012  -0.02127   0.82903  -0.03677  -0.00347]\n",
      " [ -0.        0.      -33.21889   4.345    -0.04649  -0.       -0.35445\n",
      "   -0.26604   0.13006  -0.       -1.82779  -0.96214  -4.37275  -0.\n",
      "   -0.12936  -1.05459  -1.3268    0.00007   0.01809  -0.00862   0.00508\n",
      "   -0.01086   0.01206  -0.00016   0.02049  -0.03632   0.84343   0.00352]\n",
      " [ -0.        0.       -2.60705   0.46728  -0.19716   0.       -1.46472\n",
      "   -0.38536   0.06475  -0.        1.73128   1.04115   0.25932  -0.\n",
      "    0.43949  -0.13498  -0.11675  -0.00246  -0.07004   0.0603    0.00488\n",
      "   -0.00064  -0.00027   0.00573  -0.06041  -0.01561   0.0046    0.96344]]\n",
      "B:\n",
      "[[ 0.00003  0.00003 -0.      -0.     ]\n",
      " [ 0.00011 -0.00011  0.      -0.     ]\n",
      " [-0.00013 -0.00013 -0.      -0.     ]\n",
      " [-0.00083  0.00083 -0.00002  0.00002]\n",
      " [-0.0031  -0.0031  -0.0003  -0.0003 ]\n",
      " [-0.00322  0.00322 -0.00026  0.00026]\n",
      " [ 0.00701  0.00184 -0.00016  0.00013]\n",
      " [-0.00327 -0.00095 -0.00008 -0.     ]\n",
      " [ 0.00322  0.00094  0.00008 -0.     ]\n",
      " [-0.00159  0.00134  0.00348  0.00012]\n",
      " [ 0.00184  0.00701  0.00013 -0.00016]\n",
      " [-0.00095 -0.00327 -0.      -0.00008]\n",
      " [ 0.00094  0.00322 -0.       0.00008]\n",
      " [ 0.00134 -0.00159  0.00012  0.00348]\n",
      " [ 0.0142   0.0142  -0.00025 -0.00025]\n",
      " [ 0.05686 -0.05686  0.00127 -0.00127]\n",
      " [-0.06624 -0.06624 -0.0009  -0.0009 ]\n",
      " [-0.41734  0.41734 -0.01075  0.01075]\n",
      " [-1.5498  -1.5498  -0.14964 -0.14964]\n",
      " [-1.60987  1.60987 -0.13139  0.13139]\n",
      " [ 3.50593  0.91815 -0.07999  0.06746]\n",
      " [-1.63411 -0.47718 -0.04023 -0.00028]\n",
      " [ 1.61185  0.47208  0.04132 -0.00013]\n",
      " [-0.7941   0.66836  1.74231  0.06066]\n",
      " [ 0.91815  3.50593  0.06746 -0.07999]\n",
      " [-0.47718 -1.63411 -0.00028 -0.04023]\n",
      " [ 0.47208  1.61185 -0.00013  0.04132]\n",
      " [ 0.66836 -0.7941   0.06066  1.74231]]\n",
      "Q:\n",
      "[[1. 0. 0. 0. 0. 0. 0. 0. 0. 0. 0. 0. 0. 0. 0. 0. 0. 0. 0. 0. 0. 0. 0. 0.\n",
      "  0. 0. 0. 0.]\n",
      " [0. 1. 0. 0. 0. 0. 0. 0. 0. 0. 0. 0. 0. 0. 0. 0. 0. 0. 0. 0. 0. 0. 0. 0.\n",
      "  0. 0. 0. 0.]\n",
      " [0. 0. 1. 0. 0. 0. 0. 0. 0. 0. 0. 0. 0. 0. 0. 0. 0. 0. 0. 0. 0. 0. 0. 0.\n",
      "  0. 0. 0. 0.]\n",
      " [0. 0. 0. 1. 0. 0. 0. 0. 0. 0. 0. 0. 0. 0. 0. 0. 0. 0. 0. 0. 0. 0. 0. 0.\n",
      "  0. 0. 0. 0.]\n",
      " [0. 0. 0. 0. 1. 0. 0. 0. 0. 0. 0. 0. 0. 0. 0. 0. 0. 0. 0. 0. 0. 0. 0. 0.\n",
      "  0. 0. 0. 0.]\n",
      " [0. 0. 0. 0. 0. 1. 0. 0. 0. 0. 0. 0. 0. 0. 0. 0. 0. 0. 0. 0. 0. 0. 0. 0.\n",
      "  0. 0. 0. 0.]\n",
      " [0. 0. 0. 0. 0. 0. 1. 0. 0. 0. 0. 0. 0. 0. 0. 0. 0. 0. 0. 0. 0. 0. 0. 0.\n",
      "  0. 0. 0. 0.]\n",
      " [0. 0. 0. 0. 0. 0. 0. 1. 0. 0. 0. 0. 0. 0. 0. 0. 0. 0. 0. 0. 0. 0. 0. 0.\n",
      "  0. 0. 0. 0.]\n",
      " [0. 0. 0. 0. 0. 0. 0. 0. 1. 0. 0. 0. 0. 0. 0. 0. 0. 0. 0. 0. 0. 0. 0. 0.\n",
      "  0. 0. 0. 0.]\n",
      " [0. 0. 0. 0. 0. 0. 0. 0. 0. 1. 0. 0. 0. 0. 0. 0. 0. 0. 0. 0. 0. 0. 0. 0.\n",
      "  0. 0. 0. 0.]\n",
      " [0. 0. 0. 0. 0. 0. 0. 0. 0. 0. 1. 0. 0. 0. 0. 0. 0. 0. 0. 0. 0. 0. 0. 0.\n",
      "  0. 0. 0. 0.]\n",
      " [0. 0. 0. 0. 0. 0. 0. 0. 0. 0. 0. 1. 0. 0. 0. 0. 0. 0. 0. 0. 0. 0. 0. 0.\n",
      "  0. 0. 0. 0.]\n",
      " [0. 0. 0. 0. 0. 0. 0. 0. 0. 0. 0. 0. 1. 0. 0. 0. 0. 0. 0. 0. 0. 0. 0. 0.\n",
      "  0. 0. 0. 0.]\n",
      " [0. 0. 0. 0. 0. 0. 0. 0. 0. 0. 0. 0. 0. 1. 0. 0. 0. 0. 0. 0. 0. 0. 0. 0.\n",
      "  0. 0. 0. 0.]\n",
      " [0. 0. 0. 0. 0. 0. 0. 0. 0. 0. 0. 0. 0. 0. 1. 0. 0. 0. 0. 0. 0. 0. 0. 0.\n",
      "  0. 0. 0. 0.]\n",
      " [0. 0. 0. 0. 0. 0. 0. 0. 0. 0. 0. 0. 0. 0. 0. 1. 0. 0. 0. 0. 0. 0. 0. 0.\n",
      "  0. 0. 0. 0.]\n",
      " [0. 0. 0. 0. 0. 0. 0. 0. 0. 0. 0. 0. 0. 0. 0. 0. 1. 0. 0. 0. 0. 0. 0. 0.\n",
      "  0. 0. 0. 0.]\n",
      " [0. 0. 0. 0. 0. 0. 0. 0. 0. 0. 0. 0. 0. 0. 0. 0. 0. 1. 0. 0. 0. 0. 0. 0.\n",
      "  0. 0. 0. 0.]\n",
      " [0. 0. 0. 0. 0. 0. 0. 0. 0. 0. 0. 0. 0. 0. 0. 0. 0. 0. 1. 0. 0. 0. 0. 0.\n",
      "  0. 0. 0. 0.]\n",
      " [0. 0. 0. 0. 0. 0. 0. 0. 0. 0. 0. 0. 0. 0. 0. 0. 0. 0. 0. 1. 0. 0. 0. 0.\n",
      "  0. 0. 0. 0.]\n",
      " [0. 0. 0. 0. 0. 0. 0. 0. 0. 0. 0. 0. 0. 0. 0. 0. 0. 0. 0. 0. 1. 0. 0. 0.\n",
      "  0. 0. 0. 0.]\n",
      " [0. 0. 0. 0. 0. 0. 0. 0. 0. 0. 0. 0. 0. 0. 0. 0. 0. 0. 0. 0. 0. 1. 0. 0.\n",
      "  0. 0. 0. 0.]\n",
      " [0. 0. 0. 0. 0. 0. 0. 0. 0. 0. 0. 0. 0. 0. 0. 0. 0. 0. 0. 0. 0. 0. 1. 0.\n",
      "  0. 0. 0. 0.]\n",
      " [0. 0. 0. 0. 0. 0. 0. 0. 0. 0. 0. 0. 0. 0. 0. 0. 0. 0. 0. 0. 0. 0. 0. 1.\n",
      "  0. 0. 0. 0.]\n",
      " [0. 0. 0. 0. 0. 0. 0. 0. 0. 0. 0. 0. 0. 0. 0. 0. 0. 0. 0. 0. 0. 0. 0. 0.\n",
      "  1. 0. 0. 0.]\n",
      " [0. 0. 0. 0. 0. 0. 0. 0. 0. 0. 0. 0. 0. 0. 0. 0. 0. 0. 0. 0. 0. 0. 0. 0.\n",
      "  0. 1. 0. 0.]\n",
      " [0. 0. 0. 0. 0. 0. 0. 0. 0. 0. 0. 0. 0. 0. 0. 0. 0. 0. 0. 0. 0. 0. 0. 0.\n",
      "  0. 0. 1. 0.]\n",
      " [0. 0. 0. 0. 0. 0. 0. 0. 0. 0. 0. 0. 0. 0. 0. 0. 0. 0. 0. 0. 0. 0. 0. 0.\n",
      "  0. 0. 0. 1.]]\n",
      "R:\n",
      "[[1. 0. 0. 0.]\n",
      " [0. 1. 0. 0.]\n",
      " [0. 0. 1. 0.]\n",
      " [0. 0. 0. 1.]]\n",
      "P:\n",
      "(28, 28)\n",
      "P:\n",
      "[[328392.69011      0.00008  -1278.57543     -0.00012 -54456.01178\n",
      "       0.00049 -26739.06987 -13717.20553    395.1491   -4800.10735\n",
      "  -26739.07129 -13717.20636    395.14909  -4800.10728   1755.05072\n",
      "      -0.         -31.10239     -0.        -419.25988      0.\n",
      "    -204.6875    -104.54275      2.11131    -38.25364   -204.68751\n",
      "    -104.54275      2.11131    -38.25364]\n",
      " [     0.00008  20773.13873      0.00005   2931.07157     -0.00052\n",
      "  -11391.34447 -10712.06249  -5713.88177    144.85754  -1895.78406\n",
      "   10712.06195   5713.8817    -144.85741   1895.78398     -0.00036\n",
      "     233.30426      0.          24.35595     -0.         -89.39807\n",
      "     -84.41186    -43.52071      0.8526     -15.25305     84.41186\n",
      "      43.52071     -0.85259     15.25305]\n",
      " [ -1278.57543      0.00005 263237.0847       0.00004  27408.00282\n",
      "      -0.0001   16030.94118    188.80391   -550.17546    323.21528\n",
      "   16030.94153    188.80419   -550.17547    323.2153   22728.14226\n",
      "      -0.00001  10266.49822      0.        -168.07638     -0.\n",
      "     237.16953    273.21378   -312.25844      9.75089    237.16953\n",
      "     273.21378   -312.25845      9.75089]\n",
      " [    -0.00012   2931.07157      0.00004  15813.17012      0.00094\n",
      "   -1227.28938    782.39138  -1978.01475   2233.32037   -167.52175\n",
      "    -782.39047   1978.01486  -2233.32065    167.52176      0.0007\n",
      "   -2222.55086     -0.          90.84201      0.00001   -116.08529\n",
      "      14.27484     38.72724    -40.02902     -3.54487    -14.27483\n",
      "     -38.72724     40.02901      3.54487]\n",
      " [-54456.01178     -0.00052  27408.00282      0.00094 554291.87171\n",
      "       0.00096 264603.62682  31459.72091 -79919.26214   6488.90598\n",
      "  264603.62651  31459.72144 -79919.26257   6488.9054  413135.67591\n",
      "      -0.00004    260.87951     -0.        4382.34681      0.00001\n",
      "     563.63753    238.44499   -474.22822    419.27336    563.63751\n",
      "     238.44498   -474.22822    419.27336]\n",
      " [     0.00049 -11391.34447     -0.0001   -1227.28938      0.00096\n",
      "   22861.46599  21657.46708  11487.0653    -242.81796   3934.99305\n",
      "  -21657.46606 -11487.06521    242.81768  -3934.9929       0.00075\n",
      "    -190.43761     -0.         -12.70348      0.00001    180.45081\n",
      "     170.20292     87.70681     -1.49105     30.86576   -170.20292\n",
      "     -87.70681      1.49105    -30.86576]\n",
      " [-26739.06987 -10712.06249  16030.94118    782.39138 264603.62682\n",
      "   21657.46708 154844.6672   29673.52348 -40702.90677   6930.31629\n",
      "  104829.19376   3067.36471 -38316.9502    -687.90561 197934.14438\n",
      "     257.44493   -230.34419     -5.51212   2117.14569    201.87374\n",
      "     458.38033    215.33658   -236.5573     236.33111     88.878\n",
      "      18.00466   -221.85736    168.17089]\n",
      " [-13717.20553  -5713.88177    188.80391  -1978.01475  31459.72091\n",
      "   11487.0653   29673.52348  13987.67317  -3192.72966   2526.40084\n",
      "    3067.36449  -4976.79151  -3780.49369  -1503.33238  22370.21653\n",
      "     539.41355   -222.8301     -15.76808    265.67708    131.00669\n",
      "     138.81262     61.73249    -24.91728     44.64477    -62.24733\n",
      "     -33.33836    -25.66796      5.44015]\n",
      " [   395.1491     144.85754   -550.17546   2233.32037 -79919.26214\n",
      "    -242.81796 -40702.90677  -3192.72966  16705.53952   -878.15896\n",
      "  -38316.94994  -3780.49375  11499.87231   -809.67963 -60803.94197\n",
      "    -674.17777    334.99212     16.22992   -646.98004    -31.07428\n",
      "     -75.18932    -26.66666     57.2248     -62.83168    -73.58724\n",
      "     -32.68978     71.32094    -59.72666]\n",
      " [ -4800.10735  -1895.78406    323.21528   -167.52175   6488.90598\n",
      "    3934.99305   6930.31629   2526.40084   -878.15896   1324.45832\n",
      "    -687.90544  -1503.33239   -809.67971   -563.7988    4306.37111\n",
      "     -42.90082      3.14831     -1.76678     51.40775     31.17545\n",
      "      38.61374     19.44849     -5.39715     10.56714    -21.40248\n",
      "     -11.67023     -4.63697     -0.53376]\n",
      " [-26739.07129  10712.06195  16030.94153   -782.39047 264603.62651\n",
      "  -21657.46606 104829.19376   3067.36449 -38316.94994   -687.90544\n",
      "  154844.66673  29673.52368 -40702.90695   6930.31587 197934.14406\n",
      "    -257.44497   -230.34418      5.51211   2117.14569   -201.87373\n",
      "      88.87802     18.00466   -221.85736    168.17089    458.38032\n",
      "     215.33657   -236.5573     236.33111]\n",
      " [-13717.20636   5713.8817     188.80419   1978.01486  31459.72144\n",
      "  -11487.06521   3067.36471  -4976.79151  -3780.49375  -1503.33239\n",
      "   29673.52368  13987.67323  -3192.72977   2526.40075  22370.21688\n",
      "    -539.41356   -222.83009     15.76808    265.67708   -131.00669\n",
      "     -62.24733    -33.33836    -25.66796      5.44015    138.81262\n",
      "      61.73249    -24.91728     44.64477]\n",
      " [   395.14909   -144.85741   -550.17547  -2233.32065 -79919.26257\n",
      "     242.81768 -38316.9502   -3780.49369  11499.87231   -809.67971\n",
      "  -40702.90695  -3192.72977  16705.53965   -878.15889 -60803.94231\n",
      "     674.17779    334.99212    -16.22992   -646.98005     31.07428\n",
      "     -73.58724    -32.68978     71.32094    -59.72666    -75.18932\n",
      "     -26.66666     57.2248     -62.83168]\n",
      " [ -4800.10728   1895.78398    323.2153     167.52176   6488.9054\n",
      "   -3934.9929    -687.90561  -1503.33238   -809.67963   -563.7988\n",
      "    6930.31587   2526.40075   -878.15889   1324.45826   4306.3707\n",
      "      42.90082      3.14831      1.76678     51.40774    -31.17544\n",
      "     -21.40248    -11.67023     -4.63697     -0.53376     38.61374\n",
      "      19.44849     -5.39715     10.56714]\n",
      " [  1755.05072     -0.00036  22728.14226      0.0007  413135.67591\n",
      "       0.00075 197934.14438  22370.21653 -60803.94197   4306.37111\n",
      "  197934.14406  22370.21688 -60803.94231   4306.3707  314534.56193\n",
      "      -0.00003    249.08123     -0.        3277.39086      0.\n",
      "     404.22721    170.91128   -362.44651    314.19281    404.22719\n",
      "     170.91127   -362.4465     314.19281]\n",
      " [    -0.         233.30426     -0.00001  -2222.55086     -0.00004\n",
      "    -190.43761    257.44493    539.41355   -674.17777    -42.90082\n",
      "    -257.44497   -539.41356    674.17779     42.90082     -0.00003\n",
      "     931.28936      0.         -25.58569     -0.          39.15924\n",
      "      -4.31205     -9.78424      9.15846      1.34163      4.31205\n",
      "       9.78424     -9.15846     -1.34163]\n",
      " [   -31.10239      0.       10266.49822     -0.         260.87951\n",
      "      -0.        -230.34419   -222.8301     334.99212      3.14831\n",
      "    -230.34418   -222.83009    334.99212      3.14831    249.08123\n",
      "       0.         548.89053      0.         -18.42845     -0.\n",
      "       8.70846     10.71603    -11.73296     -0.57829      8.70846\n",
      "      10.71603    -11.73296     -0.57829]\n",
      " [    -0.          24.35595      0.          90.84201     -0.\n",
      "     -12.70348     -5.51212    -15.76808     16.22992     -1.76678\n",
      "       5.51211     15.76808    -16.22992      1.76678     -0.\n",
      "     -25.58569      0.           3.45958     -0.          -1.25749\n",
      "       0.18256      0.15732     -0.16832     -0.03825     -0.18256\n",
      "      -0.15732      0.16832      0.03825]\n",
      " [  -419.25988     -0.        -168.07638      0.00001   4382.34681\n",
      "       0.00001   2117.14569    265.67708   -646.98004     51.40775\n",
      "    2117.14569    265.67708   -646.98005     51.40774   3277.39086\n",
      "      -0.         -18.42845     -0.          37.83593      0.\n",
      "       4.55307      1.43046     -3.23555      3.42752      4.55307\n",
      "       1.43046     -3.23555      3.42752]\n",
      " [     0.         -89.39807     -0.        -116.08529      0.00001\n",
      "     180.45081    201.87374    131.00669    -31.07428     31.17545\n",
      "    -201.87373   -131.00669     31.07428    -31.17544      0.\n",
      "      39.15924     -0.          -1.25749      0.           5.35332\n",
      "       1.77559      0.14927      0.6054       0.36055     -1.77559\n",
      "      -0.14927     -0.6054      -0.36055]\n",
      " [  -204.6875     -84.41186    237.16953     14.27484    563.63753\n",
      "     170.20292    458.38033    138.81262    -75.18932     38.61374\n",
      "      88.87802    -62.24733    -73.58724    -21.40248    404.22721\n",
      "      -4.31205      8.70846      0.18256      4.55307      1.77559\n",
      "       4.04769      1.61059     -1.09222      0.79455     -0.8356\n",
      "      -0.29318     -0.62083      0.1065 ]\n",
      " [  -104.54275    -43.52071    273.21378     38.72724    238.44499\n",
      "      87.70681    215.33658     61.73249    -26.66666     19.44849\n",
      "      18.00466    -33.33836    -32.68978    -11.67023    170.91128\n",
      "      -9.78424     10.71603      0.15732      1.43046      0.14927\n",
      "       1.61059      3.37908     -0.34525      0.2984      -0.29318\n",
      "      -0.26112     -0.20969      0.04926]\n",
      " [     2.11131      0.8526    -312.25844    -40.02902   -474.22822\n",
      "      -1.49105   -236.5573     -24.91728     57.2248      -5.39715\n",
      "    -221.85736    -25.66796     71.32094     -4.63697   -362.44651\n",
      "       9.15846    -11.73296     -0.16832     -3.23555      0.6054\n",
      "      -1.09222     -0.34525      3.41302     -0.34922     -0.62083\n",
      "      -0.20969      0.46558     -0.35581]\n",
      " [   -38.25364    -15.25305      9.75089     -3.54487    419.27336\n",
      "      30.86576    236.33111     44.64477    -62.83168     10.56714\n",
      "     168.17089      5.44015    -59.72666     -0.53376    314.19281\n",
      "       1.34163     -0.57829     -0.03825      3.42752      0.36055\n",
      "       0.79455      0.2984      -0.34922      1.62488      0.1065\n",
      "       0.04926     -0.35581      0.25935]\n",
      " [  -204.68751     84.41186    237.16953    -14.27483    563.63751\n",
      "    -170.20292     88.878      -62.24733    -73.58724    -21.40248\n",
      "     458.38032    138.81262    -75.18932     38.61374    404.22719\n",
      "       4.31205      8.70846     -0.18256      4.55307     -1.77559\n",
      "      -0.8356      -0.29318     -0.62083      0.1065       4.04769\n",
      "       1.61059     -1.09222      0.79455]\n",
      " [  -104.54275     43.52071    273.21378    -38.72724    238.44498\n",
      "     -87.70681     18.00466    -33.33836    -32.68978    -11.67023\n",
      "     215.33657     61.73249    -26.66666     19.44849    170.91127\n",
      "       9.78424     10.71603     -0.15732      1.43046     -0.14927\n",
      "      -0.29318     -0.26112     -0.20969      0.04926      1.61059\n",
      "       3.37908     -0.34525      0.2984 ]\n",
      " [     2.11131     -0.85259   -312.25845     40.02901   -474.22822\n",
      "       1.49105   -221.85736    -25.66796     71.32094     -4.63697\n",
      "    -236.5573     -24.91728     57.2248      -5.39715   -362.4465\n",
      "      -9.15846    -11.73296      0.16832     -3.23555     -0.6054\n",
      "      -0.62083     -0.20969      0.46558     -0.35581     -1.09222\n",
      "      -0.34525      3.41302     -0.34922]\n",
      " [   -38.25364     15.25305      9.75089      3.54487    419.27336\n",
      "     -30.86576    168.17089      5.44015    -59.72666     -0.53376\n",
      "     236.33111     44.64477    -62.83168     10.56714    314.19281\n",
      "      -1.34163     -0.57829      0.03825      3.42752     -0.36055\n",
      "       0.1065       0.04926     -0.35581      0.25935      0.79455\n",
      "       0.2984      -0.34922      1.62488]]\n",
      "K:\n",
      "[[  0.09847   0.15434 -12.47466  -1.90254   4.66069  -0.26145   1.82853\n",
      "    1.09296  -1.79631  -0.00009   2.34313  -0.00377  -0.54864   0.0909\n",
      "    3.57666   0.83285  -0.63314  -0.02882   0.0207   -0.06867   0.11808\n",
      "   -0.07146   0.07265  -0.00871  -0.00876   0.00047  -0.00252   0.011  ]\n",
      " [  0.09847  -0.15434 -12.47466   1.90254   4.66069   0.26145   2.34313\n",
      "   -0.00377  -0.54864   0.0909    1.82853   1.09296  -1.79631  -0.00009\n",
      "    3.57666  -0.83285  -0.63314   0.02882   0.0207    0.06867  -0.00876\n",
      "    0.00047  -0.00252   0.011     0.11808  -0.07146   0.07265  -0.00871]\n",
      " [  0.16452   0.20524  -1.93329  -1.31926 -38.75877  -0.2784  -18.52854\n",
      "   -1.65007   5.63121   0.00596 -18.64512  -2.35024   6.01315  -0.37644\n",
      "  -29.10135   0.46265   0.00164  -0.01404  -0.37105  -0.11684  -0.05218\n",
      "   -0.04996   0.06239   0.39659  -0.06023   0.01001   0.00718  -0.02907]\n",
      " [  0.16452  -0.20524  -1.93329   1.31926 -38.75877   0.2784  -18.64512\n",
      "   -2.35024   6.01315  -0.37644 -18.52854  -1.65007   5.63121   0.00596\n",
      "  -29.10135  -0.46265   0.00164   0.01404  -0.37105   0.11684  -0.06023\n",
      "    0.01001   0.00718  -0.02907  -0.05218  -0.04996   0.06239   0.39659]]\n",
      "sim_data.time: 0.0\n",
      "sim_data.qpos:\n",
      " [-0.       0.00003  0.10801  1.      -0.00014  0.00009 -0.00053  0.00125\n",
      " -0.00114  0.00114  0.00001 -0.00118  0.00022 -0.00021  0.00169]\n",
      "sim_data.time: 0.002\n",
      "sim_data.qpos:\n",
      " [-0.00001  0.00006  0.10806  1.      -0.00027  0.00083 -0.00102  0.00069\n",
      " -0.00165  0.00167 -0.00012 -0.0038   0.00094 -0.00091  0.0025 ]\n",
      "sim_data.time: 0.004\n",
      "sim_data.qpos:\n",
      " [-0.00003  0.00007  0.10813  1.      -0.0003   0.00173 -0.00104 -0.00103\n",
      " -0.00174  0.0018   0.00011 -0.00571  0.00114 -0.0011   0.00254]\n",
      "sim_data.time: 0.006\n",
      "sim_data.qpos:\n",
      " [-0.00004  0.00006  0.10822  1.      -0.00027  0.00291 -0.00082 -0.00389\n",
      " -0.00133  0.00144  0.0003  -0.00803  0.00148 -0.00142  0.00242]\n",
      "sim_data.time: 0.008\n",
      "sim_data.qpos:\n",
      " [-0.00005  0.00005  0.10825  0.99999 -0.0002   0.00359 -0.00048 -0.00509\n",
      " -0.00167  0.00181 -0.00136 -0.00824  0.00065 -0.00058  0.00116]\n",
      "sim_data.time: 0.01\n",
      "sim_data.qpos:\n",
      " [-0.00006  0.00005  0.10831  0.99999 -0.00019  0.00445 -0.00035 -0.00682\n",
      " -0.00185  0.00203 -0.00177 -0.00957  0.0003  -0.00021  0.00089]\n",
      "sim_data.time: 0.012\n",
      "sim_data.qpos:\n",
      " [-0.00008  0.00006  0.10839  0.99998 -0.00019  0.0056  -0.00036 -0.00947\n",
      " -0.0016   0.00182 -0.0009  -0.01182  0.00054 -0.00042 -0.00036]\n",
      "sim_data.time: 0.014\n",
      "sim_data.qpos:\n",
      " [-0.00008  0.00006  0.10842  0.99998 -0.00014  0.00606 -0.0002  -0.01025\n",
      " -0.0023   0.00256 -0.00082 -0.01126 -0.00116  0.00134 -0.00038]\n",
      "sim_data.time: 0.016\n",
      "sim_data.qpos:\n",
      " [-0.00009  0.00006  0.10847  0.99998 -0.0001   0.00679 -0.0001  -0.01183\n",
      " -0.00253  0.00282 -0.00063 -0.0118  -0.00216  0.00241 -0.00055]\n",
      "sim_data.time: 0.018000000000000002\n",
      "sim_data.qpos:\n",
      " [-0.0001   0.00006  0.10855  0.99997 -0.00006  0.00769 -0.00002 -0.01418\n",
      " -0.00217  0.0025   0.00027 -0.01327 -0.00248  0.00279  0.00006]\n",
      "sim_data.time: 0.020000000000000004\n",
      "sim_data.qpos:\n",
      " [-0.00011  0.00004  0.10862  0.99997  0.00004  0.00836  0.00023 -0.01633\n",
      " -0.0018   0.00215  0.00174 -0.01368 -0.00343  0.0038   0.0007 ]\n",
      "sim_data.time: 0.022000000000000006\n",
      "sim_data.qpos:\n",
      " [-0.00012  0.00002  0.10867  0.99996  0.00015  0.00884  0.00049 -0.01785\n",
      " -0.00166  0.00204  0.00249 -0.01378 -0.00448  0.00493  0.00179]\n",
      "sim_data.time: 0.024000000000000007\n",
      "sim_data.qpos:\n",
      " [-0.00013  0.00001  0.10872  0.99996  0.00017  0.00934  0.00037 -0.01877\n",
      " -0.00193  0.00234  0.0039  -0.0145  -0.00497  0.00548  0.00186]\n",
      "sim_data.time: 0.02600000000000001\n",
      "sim_data.qpos:\n",
      " [-0.00013  0.       0.10876  0.99995  0.00021  0.00974  0.00036 -0.01952\n",
      " -0.00216  0.0026   0.00475 -0.01501 -0.0055   0.00607  0.00261]\n",
      "sim_data.time: 0.02800000000000001\n",
      "sim_data.qpos:\n",
      " [-0.00014 -0.00002  0.10882  0.99995  0.00031  0.01018  0.00055 -0.02074\n",
      " -0.00193  0.00239  0.00508 -0.01544 -0.00597  0.0066   0.0032 ]\n",
      "sim_data.time: 0.030000000000000013\n",
      "sim_data.qpos:\n",
      " [-0.00015 -0.00004  0.10888  0.99994  0.00037  0.01069  0.00061 -0.022\n",
      " -0.00148  0.00195  0.00482 -0.01652 -0.00589  0.00656  0.0041 ]\n",
      "sim_data.time: 0.032000000000000015\n",
      "sim_data.qpos:\n",
      " [-0.00016 -0.00003  0.10896  0.99994  0.00035  0.0112   0.00031 -0.0228\n",
      " -0.00136  0.00184  0.00569 -0.01803 -0.00527  0.00595  0.00339]\n",
      "sim_data.time: 0.034000000000000016\n",
      "sim_data.qpos:\n",
      " [-0.00016 -0.00002  0.10903  0.99993  0.00026  0.01162 -0.00009 -0.0231\n",
      " -0.00142  0.00192  0.00589 -0.01964 -0.00447  0.00516  0.00328]\n",
      "sim_data.time: 0.03600000000000002\n",
      "sim_data.qpos:\n",
      " [-0.00017  0.       0.10907  0.99993  0.00019  0.01185 -0.00037 -0.02292\n",
      " -0.00172  0.00224  0.00548 -0.0206  -0.00403  0.00472  0.0034 ]\n",
      "sim_data.time: 0.03800000000000002\n",
      "sim_data.qpos:\n",
      " [-0.00017 -0.       0.10911  0.99993  0.00023  0.01204 -0.00022 -0.02324\n",
      " -0.00159  0.00212  0.00429 -0.02011 -0.00485  0.00556  0.00428]\n",
      "sim_data.time: 0.04000000000000002\n",
      "sim_data.qpos:\n",
      " [-0.00017 -0.       0.10917  0.99992  0.00025  0.01234 -0.00026 -0.02391\n",
      " -0.0012   0.00172  0.00415 -0.02034 -0.005    0.00574  0.00416]\n",
      "sim_data.time: 0.04200000000000002\n",
      "sim_data.qpos:\n",
      " [-0.00018 -0.00001  0.10925  0.99992  0.00027  0.01269 -0.00025 -0.02517\n",
      " -0.00028  0.00078  0.00467 -0.02124 -0.00458  0.00532  0.00543]\n",
      "sim_data.time: 0.044000000000000025\n",
      "sim_data.qpos:\n",
      " [-0.00018  0.00002  0.10932  0.99992  0.00012  0.01289 -0.00079 -0.02369\n",
      " -0.00174  0.00229  0.00542 -0.02247 -0.00375  0.00447  0.00556]\n",
      "sim_data.time: 0.04600000000000003\n",
      "sim_data.qpos:\n",
      " [-0.00018  0.00003  0.10937  0.99991  0.00007  0.01307 -0.00098 -0.02297\n",
      " -0.0026   0.00319  0.00613 -0.02264 -0.0037   0.00442  0.00533]\n",
      "sim_data.time: 0.04800000000000003\n",
      "sim_data.qpos:\n",
      " [-0.00018  0.00002  0.10942  0.99991  0.00011  0.01322 -0.00094 -0.02294\n",
      " -0.00289  0.00351  0.00724 -0.02237 -0.00396  0.00469  0.00544]\n",
      "sim_data.time: 0.05000000000000003\n",
      "sim_data.qpos:\n",
      " [-0.00019  0.00001  0.10949  0.99991  0.00015  0.01352 -0.00082 -0.02361\n",
      " -0.00254  0.00317  0.00773 -0.02274 -0.0037   0.00442  0.00581]\n",
      "sim_data.time: 0.05200000000000003\n",
      "sim_data.qpos:\n",
      " [-0.00019 -0.00002  0.10957  0.9999   0.00027  0.01383 -0.00057 -0.02483\n",
      " -0.00168  0.0023   0.00834 -0.02291 -0.00345  0.00417  0.0055 ]\n",
      "sim_data.time: 0.054000000000000034\n",
      "sim_data.qpos:\n",
      " [-0.0002  -0.00005  0.10966  0.9999   0.00038  0.01425 -0.00031 -0.02661\n",
      " -0.00023  0.00081  0.00879 -0.02383 -0.00259  0.00329  0.00586]\n",
      "sim_data.time: 0.056000000000000036\n",
      "sim_data.qpos:\n",
      " [-0.0002  -0.00007  0.10971  0.9999   0.00041  0.01433 -0.00029 -0.02671\n",
      " -0.0001   0.00066  0.01001 -0.02462 -0.00148  0.00212  0.00514]\n",
      "sim_data.time: 0.05800000000000004\n",
      "sim_data.qpos:\n",
      " [-0.0002  -0.0001   0.10973  0.9999   0.00047  0.01426 -0.00002 -0.02762\n",
      "  0.00113 -0.00062  0.01091 -0.02455 -0.0011   0.00171  0.00532]\n",
      "sim_data.time: 0.06000000000000004\n",
      "sim_data.qpos:\n",
      " [-0.00021 -0.00015  0.10976  0.9999   0.00063  0.01421  0.00046 -0.02897\n",
      "  0.0027  -0.00227  0.01173 -0.02422 -0.00097  0.00155  0.00622]\n",
      "sim_data.time: 0.06200000000000004\n",
      "sim_data.qpos:\n",
      " [-0.00021 -0.00017  0.10978  0.9999   0.00067  0.01415  0.00048 -0.02908\n",
      "  0.00319 -0.00281  0.01318 -0.02443 -0.00041  0.00095  0.00622]\n",
      "sim_data.time: 0.06400000000000004\n",
      "sim_data.qpos:\n",
      " [-0.00021 -0.00022  0.10981  0.9999   0.00083  0.01403  0.00085 -0.02966\n",
      "  0.00405 -0.00374  0.01452 -0.02339 -0.001    0.00154  0.00721]\n",
      "sim_data.time: 0.06600000000000004\n",
      "sim_data.qpos:\n",
      " [-0.00021 -0.00025  0.10983  0.9999   0.00094  0.01398  0.00106 -0.03008\n",
      "  0.00485 -0.00459  0.01499 -0.02295 -0.00115  0.00168  0.00792]\n",
      "sim_data.time: 0.06800000000000005\n",
      "sim_data.qpos:\n",
      " [-0.00021 -0.00027  0.10985  0.9999   0.00094  0.01394  0.00095 -0.02972\n",
      "  0.00498 -0.00476  0.01524 -0.02319 -0.00076  0.00126  0.00847]\n",
      "sim_data.time: 0.07000000000000005\n",
      "sim_data.qpos:\n",
      " [-0.00021 -0.00029  0.10989  0.9999   0.00095  0.01412  0.00084 -0.03008\n",
      "  0.00565 -0.00547  0.015   -0.02408  0.0002   0.00027  0.00823]\n",
