{
 "cells": [
  {
   "cell_type": "code",
   "execution_count": 290,
   "id": "53675a3c-52ee-4fd0-b35c-689aa8ced49f",
   "metadata": {},
   "outputs": [],
   "source": [
    "import copy\n",
    "import mujoco\n",
    "from dm_control import mjcf\n",
    "import numpy as np\n",
    "import cv2\n",
    "import scipy\n",
    "from scipy.spatial.transform import Rotation as Rotater\n",
    "import common\n",
    "from dm_control.mujoco import Physics\n",
    "from lxml import etree\n",
    "from dm_control.suite import base\n",
    "from dm_control.rl import control\n",
    "from dm_control import viewer\n",
    "import mediapy as media\n",
    "import matplotlib.pyplot as plt\n",
    "\n",
    "np.set_printoptions(precision=5, suppress=True)"
   ]
  },
  {
   "cell_type": "code",
   "execution_count": 291,
   "id": "bb4e2694",
   "metadata": {},
   "outputs": [],
   "source": [
    "\n",
    "def compute_gains(model, data, configuration, Q, R):\n",
    "    # 1. Set configuration and find control that stabilizes it (ctrl0)\n",
    "    newdata = mujoco.MjData(model)\n",
    "    newdata = copy.copy(data)\n",
    "\n",
    "    mujoco.mj_resetData(model, newdata)\n",
    "    newdata.qpos = configuration\n",
    "    # compute the control\n",
    "    mujoco.mj_forward(model, newdata)\n",
    "    newdata.qacc = 0\n",
    "    mujoco.mj_inverse(model, newdata)\n",
    "\n",
    "    # define control and configuration to linearize around\n",
    "    # print(newdata.qfrc_actuator)\n",
    "    ctrl0 = newdata.qfrc_inverse.copy() @ np.linalg.pinv(newdata.actuator_moment)\n",
    "    # ctrl0[:] = 0\n",
    "    qpos0 = newdata.qpos.copy()\n",
    "    print('ctrl0:\\n', ctrl0)\n",
    "    print('qpos0:\\n', qpos0)\n",
    "\n",
    "    # 2. Compute LQR gains given weights\n",
    "    mujoco.mj_resetData(model, newdata)\n",
    "    newdata.ctrl = ctrl0\n",
    "    newdata.qpos = qpos0\n",
    "    # print('newdata.ctrl:\\n', newdata.ctrl)\n",
    "\n",
    "    # 3. Allocate the A and B matrices, compute them.\n",
    "    A = np.zeros((2 * model.nv, 2 * model.nv))\n",
    "    B = np.zeros((2 * model.nv, model.nu))\n",
    "    epsilon = 1e-6\n",
    "    flg_centered = True\n",
    "    mujoco.mjd_transitionFD(model, newdata, epsilon, flg_centered, A, B, None, None)\n",
    "    \n",
    "\n",
    "    #print A, B, Q, R in format 'A:\\n{}\\n'\n",
    "    print('A:\\n{}\\nB:\\n{}\\nQ:\\n{}\\nR:\\n{}'.format(A.shape, B.shape, Q.shape, R.shape))\n",
    "    print('A:\\n{}\\nB:\\n{}\\nQ:\\n{}\\nR:\\n{}'.format(A, B, Q, R))\n",
    "\n",
    "    # return None, None\n",
    "\n",
    "    # Solve discrete Riccati equation.\n",
    "    P = scipy.linalg.solve_discrete_are(A, B, Q, R)\n",
    "    print('P:\\n{}'.format(P.shape))\n",
    "\n",
    "    # Compute the feedback gain matrix K.\n",
    "    K = np.linalg.inv(R + B.T @ P @ B) @ B.T @ P @ A\n",
    "\n",
    "    #print P, K in format 'A:\\n{}\\n'\n",
    "    print('P:\\n{}\\nK:\\n{}'.format(P, K))\n",
    "\n",
    "    return ctrl0, K"
   ]
  },
  {
   "cell_type": "code",
   "execution_count": 292,
   "id": "bdeba0d3-33fe-4c14-b218-e43cdac591c7",
   "metadata": {},
   "outputs": [
    {
     "name": "stdout",
     "output_type": "stream",
     "text": [
      "sim_model.nv: 14 sim_model.nu: 4 sim_model.nq: 15 sim_model.na: 0\n",
      "sim_data.qpos: [0.    0.    0.109 1.    0.    0.    0.    0.    0.    0.    0.    0.\n",
      " 0.    0.    0.   ] \n",
      "sim_data.qvel: [0. 0. 0. 0. 0. 0. 0. 0. 0. 0. 0. 0. 0. 0.] \n",
      "sim_data.qacc: [0. 0. 0. 0. 0. 0. 0. 0. 0. 0. 0. 0. 0. 0.] \n",
      "sim_data.ctrl: [0. 0. 0. 0.]\n",
      "sim_data.site_xpos: [[0. 0. 0.]] \n",
      "sim_data.site_xmat: [[0. 0. 0. 0. 0. 0. 0. 0. 0.]]\n",
      "ang_euler: [0, 10, 0] quat: [0.      0.08716 0.      0.99619]\n",
      "ctrl0:\n",
      " [ 0.04503  0.04503 -0.      -0.     ]\n",
      "qpos0:\n",
      " [0.      0.      0.10734 0.99619 0.      0.08716 0.      0.      0.\n",
      " 0.      0.      0.      0.      0.      0.     ]\n",
      "A:\n",
      "(28, 28)\n",
      "B:\n",
      "(28, 4)\n",
      "Q:\n",
      "(28, 28)\n",
      "R:\n",
      "(4, 4)\n",
      "A:\n",
      "[[  1.        0.       -0.00076  -0.       -0.00001   0.       -0.00004\n",
      "    0.00002   0.00001   0.       -0.00004   0.00002   0.00001   0.\n",
      "    0.002     0.       -0.00003  -0.       -0.       -0.       -0.\n",
      "    0.       -0.        0.       -0.        0.       -0.        0.     ]\n",
      " [  0.        1.       -0.        0.00037  -0.        0.00007  -0.00007\n",
      "   -0.00003   0.00004   0.        0.00007   0.00003  -0.00004   0.\n",
      "   -0.        0.00191   0.        0.       -0.        0.        0.\n",
      "   -0.        0.       -0.       -0.        0.       -0.        0.     ]\n",
      " [  0.        0.        0.99468   0.       -0.00014   0.        0.00007\n",
      "    0.00002  -0.00006   0.        0.00007   0.00002  -0.00006   0.\n",
      "   -0.00002   0.        0.00179   0.       -0.        0.       -0.\n",
      "    0.       -0.        0.       -0.        0.       -0.        0.     ]\n",
      " [  0.        0.        0.        0.99732  -0.       -0.00027   0.00039\n",
      "    0.00018  -0.0003    0.       -0.00039  -0.00018   0.0003    0.\n",
      "    0.       -0.00182  -0.        0.00159   0.       -0.00002  -0.00001\n",
      "    0.00002  -0.00002   0.        0.00001  -0.00002   0.00002  -0.     ]\n",
      " [  0.        0.       -0.01875   0.        0.99975  -0.        0.00669\n",
      "    0.00229   0.00006   0.        0.00669   0.00229   0.00006   0.\n",
      "    0.00204  -0.       -0.00078  -0.        0.00166  -0.       -0.00002\n",
      "   -0.        0.       -0.00003  -0.00002  -0.        0.       -0.00003]\n",
      " [  0.        0.       -0.       -0.00228  -0.        0.99963   0.00699\n",
      "    0.00185  -0.0004    0.       -0.00699  -0.00185   0.0004    0.\n",
      "    0.       -0.00013  -0.       -0.00008   0.        0.0018   -0.00001\n",
      "    0.       -0.       -0.00003   0.00001  -0.        0.        0.00003]\n",
      " [  0.        0.       -0.02245  -0.00357  -0.00055  -0.00063   0.98558\n",
      "    0.00091   0.00103   0.       -0.00294  -0.00103   0.0001    0.\n",
      "   -0.00001   0.00102  -0.0009    0.00003  -0.00002  -0.00007   0.00166\n",
      "   -0.00003   0.00003  -0.00001   0.00001  -0.00001   0.00001   0.00001]\n",
      " [ -0.        0.        0.06153   0.00755   0.00156   0.00133   0.00536\n",
      "    0.99253  -0.00141   0.        0.00031   0.00006  -0.00037   0.\n",
      "    0.00058  -0.0019    0.00247   0.       -0.00003  -0.00001  -0.00004\n",
      "    0.00166  -0.00008  -0.00002  -0.00001   0.00002  -0.00002   0.     ]\n",
      " [ -0.        0.       -0.06195  -0.00759  -0.00157  -0.00134  -0.00527\n",
      "   -0.00218   0.99218   0.       -0.00029  -0.00005   0.00038   0.\n",
      "   -0.00058   0.00191  -0.00249  -0.        0.00003   0.00001   0.00004\n",
      "   -0.00008   0.00169   0.00002   0.00001  -0.00002   0.00002  -0.     ]\n",
      " [ -0.        0.        0.00282  -0.00008  -0.00002  -0.00001   0.00303\n",
      "    0.00128   0.00001   1.       -0.00242  -0.00086  -0.00008   0.\n",
      "    0.00086   0.00002   0.00011   0.00002  -0.00013  -0.00012  -0.00011\n",
      "   -0.00005   0.00002   0.00193   0.00001   0.       -0.        0.00001]\n",
      " [  0.        0.       -0.02245   0.00357  -0.00055   0.00063  -0.00294\n",
      "   -0.00103   0.0001   -0.        0.98558   0.00091   0.00103  -0.\n",
      "   -0.00001  -0.00102  -0.0009   -0.00003  -0.00002   0.00007   0.00001\n",
      "   -0.00001   0.00001   0.00001   0.00166  -0.00003   0.00003  -0.00001]\n",
      " [ -0.        0.        0.06153  -0.00755   0.00156  -0.00133   0.00031\n",
      "    0.00006  -0.00037  -0.        0.00536   0.99253  -0.00141  -0.\n",
      "    0.00058   0.0019    0.00247  -0.       -0.00003   0.00001  -0.00001\n",
      "    0.00002  -0.00002   0.       -0.00004   0.00166  -0.00008  -0.00002]\n",
      " [ -0.        0.       -0.06195   0.00759  -0.00157   0.00134  -0.00029\n",
      "   -0.00005   0.00038   0.       -0.00527  -0.00218   0.99218   0.\n",
      "   -0.00058  -0.00191  -0.00249   0.        0.00003  -0.00001   0.00001\n",
      "   -0.00002   0.00002  -0.        0.00004  -0.00008   0.00169   0.00002]\n",
      " [  0.        0.        0.00282   0.00008  -0.00002   0.00001  -0.00242\n",
      "   -0.00086  -0.00008  -0.        0.00303   0.00128   0.00001   1.\n",
      "    0.00086  -0.00002   0.00011  -0.00002  -0.00013   0.00012   0.00001\n",
      "    0.       -0.        0.00001  -0.00011  -0.00005   0.00002   0.00193]\n",
      " [  0.        0.       -0.37863  -0.       -0.0073    0.       -0.01992\n",
      "    0.0097    0.0072    0.       -0.01992   0.0097    0.0072    0.\n",
      "    0.99801   0.       -0.01515  -0.       -0.00006  -0.       -0.00057\n",
      "    0.0001   -0.00009   0.00003  -0.00057   0.0001   -0.00009   0.00003]\n",
      " [  0.        0.       -0.        0.18474  -0.        0.03443  -0.03343\n",
      "   -0.01262   0.01976   0.        0.03343   0.01262  -0.01976   0.\n",
      "   -0.        0.95576   0.        0.00044  -0.        0.00083   0.0007\n",
      "   -0.00097   0.00106  -0.00004  -0.0007    0.00097  -0.00106   0.00004]\n",
      " [ -0.        0.       -2.65848  -0.       -0.06938  -0.        0.03494\n",
      "    0.00861  -0.02804   0.        0.03494   0.00861  -0.02804   0.\n",
      "   -0.00896   0.        0.89322   0.       -0.00119  -0.       -0.00069\n",
      "    0.00126  -0.00142   0.00012  -0.00069   0.00126  -0.00142   0.00012]\n",
      " [ -0.        0.        0.       -1.33803  -0.       -0.23593   0.19482\n",
      "    0.08741  -0.14917   0.       -0.19482  -0.08741   0.14917   0.\n",
      "    0.       -0.91124  -0.        0.7968    0.       -0.00907  -0.00548\n",
      "    0.00769  -0.00821   0.00056   0.00548  -0.00769   0.00821  -0.00056]\n",
      " [ -0.        0.       -9.37676  -0.       -0.12645  -0.        3.34561\n",
      "    1.14508   0.03079  -0.        3.34561   1.14508   0.03079  -0.\n",
      "    1.02008   0.       -0.38881   0.        0.82998  -0.       -0.01153\n",
      "   -0.00001   0.00247  -0.01384  -0.01153  -0.00001   0.00247  -0.01384]\n",
      " [ -0.        0.       -0.       -1.03572  -0.       -0.18262   3.49635\n",
      "    0.92538  -0.19956  -0.       -3.49635  -0.92538   0.19956  -0.\n",
      "    0.       -0.06657  -0.       -0.03747   0.        0.90039  -0.0062\n",
      "    0.00231  -0.0006   -0.01328   0.0062   -0.00231   0.0006    0.01328]\n",
      " [  0.        0.      -11.22592  -1.78438  -0.27447  -0.31463  -7.2114\n",
      "    0.4566    0.51478   0.       -1.46939  -0.51314   0.05198   0.\n",
      "   -0.00621   0.51117  -0.45147   0.01551  -0.01002  -0.03379   0.83053\n",
      "   -0.01585   0.01627  -0.00491   0.0065   -0.00404   0.00372   0.00506]\n",
      " [ -0.        0.       30.76422   3.77579   0.7817    0.66577   2.68214\n",
      "   -3.7375   -0.70272   0.        0.15672   0.02891  -0.18715   0.\n",
      "    0.28929  -0.9516    1.23405   0.00137  -0.01548  -0.00662  -0.02005\n",
      "    0.83246  -0.03889  -0.00906  -0.00422   0.00843  -0.00996   0.00126]\n",
      " [ -0.        0.      -30.9758   -3.79699  -0.78704  -0.66951  -2.63562\n",
      "   -1.08852  -3.90884   0.       -0.14379  -0.02579   0.18779   0.\n",
      "   -0.29088   0.95486  -1.24254  -0.00174   0.01552   0.00674   0.01926\n",
      "   -0.03977   0.84556   0.00914   0.00432  -0.00844   0.00999  -0.0013 ]\n",
      " [ -0.        0.        1.41193  -0.03994  -0.01185  -0.00704   1.51644\n",
      "    0.63841   0.00602   0.       -1.20936  -0.43101  -0.041     0.\n",
      "    0.43026   0.00966   0.05451   0.00977  -0.06639  -0.05847  -0.05296\n",
      "   -0.0238    0.00999   0.96413   0.00339   0.00033  -0.00142   0.00496]\n",
      " [  0.        0.      -11.22592   1.78438  -0.27447   0.31463  -1.46939\n",
      "   -0.51314   0.05198  -0.       -7.2114    0.4566    0.51478  -0.\n",
      "   -0.00621  -0.51117  -0.45147  -0.01551  -0.01002   0.03379   0.0065\n",
      "   -0.00404   0.00372   0.00506   0.83053  -0.01585   0.01627  -0.00491]\n",
      " [ -0.        0.       30.76422  -3.77579   0.7817   -0.66577   0.15672\n",
      "    0.02891  -0.18715  -0.        2.68214  -3.7375   -0.70272  -0.\n",
      "    0.28929   0.9516    1.23405  -0.00137  -0.01548   0.00662  -0.00422\n",
      "    0.00843  -0.00996   0.00126  -0.02005   0.83246  -0.03889  -0.00906]\n",
      " [ -0.        0.      -30.9758    3.79699  -0.78704   0.66951  -0.14379\n",
      "   -0.02579   0.18779   0.       -2.63562  -1.08852  -3.90884   0.\n",
      "   -0.29088  -0.95486  -1.24254   0.00174   0.01552  -0.00674   0.00432\n",
      "   -0.00844   0.00999  -0.0013    0.01926  -0.03977   0.84556   0.00914]\n",
      " [  0.        0.        1.41193   0.03994  -0.01185   0.00704  -1.20936\n",
      "   -0.43101  -0.041    -0.        1.51644   0.63841   0.00602  -0.\n",
      "    0.43026  -0.00966   0.05451  -0.00977  -0.06639   0.05847   0.00339\n",
      "    0.00033  -0.00142   0.00496  -0.05296  -0.0238    0.00999   0.96413]]\n",
      "B:\n",
      "[[ 0.00001  0.00001 -0.      -0.     ]\n",
      " [ 0.00011 -0.00011 -0.       0.     ]\n",
      " [-0.00013 -0.00013  0.       0.     ]\n",
      " [-0.00078  0.00078  0.00001 -0.00001]\n",
      " [-0.00311 -0.00311 -0.00029 -0.00029]\n",
      " [-0.00342  0.00342 -0.00026  0.00026]\n",
      " [ 0.00715  0.00169 -0.0001   0.00011]\n",
      " [-0.00337 -0.00084 -0.0002   0.00002]\n",
      " [ 0.00332  0.00083  0.0002  -0.00002]\n",
      " [-0.00101  0.00108  0.0035   0.00011]\n",
      " [ 0.00169  0.00715  0.00011 -0.0001 ]\n",
      " [-0.00084 -0.00337  0.00002 -0.0002 ]\n",
      " [ 0.00083  0.00332 -0.00002  0.0002 ]\n",
      " [ 0.00108 -0.00101  0.00011  0.0035 ]\n",
      " [ 0.00427  0.00427 -0.00009 -0.00009]\n",
      " [ 0.05401 -0.05401 -0.0003   0.0003 ]\n",
      " [-0.06658 -0.06658  0.00114  0.00114]\n",
      " [-0.3879   0.3879   0.00445 -0.00445]\n",
      " [-1.55283 -1.55283 -0.14431 -0.14431]\n",
      " [-1.70935  1.70935 -0.13107  0.13107]\n",
      " [ 3.57425  0.8453  -0.05079  0.0546 ]\n",
      " [-1.68299 -0.42056 -0.09787  0.01171]\n",
      " [ 1.66051  0.41564  0.09926 -0.01211]\n",
      " [-0.50321  0.54085  1.74998  0.05269]\n",
      " [ 0.8453   3.57425  0.0546  -0.05079]\n",
      " [-0.42056 -1.68299  0.01171 -0.09787]\n",
      " [ 0.41564  1.66051 -0.01211  0.09926]\n",
      " [ 0.54085 -0.50321  0.05269  1.74998]]\n",
      "Q:\n",
      "[[1. 0. 0. 0. 0. 0. 0. 0. 0. 0. 0. 0. 0. 0. 0. 0. 0. 0. 0. 0. 0. 0. 0. 0.\n",
      "  0. 0. 0. 0.]\n",
      " [0. 1. 0. 0. 0. 0. 0. 0. 0. 0. 0. 0. 0. 0. 0. 0. 0. 0. 0. 0. 0. 0. 0. 0.\n",
      "  0. 0. 0. 0.]\n",
      " [0. 0. 1. 0. 0. 0. 0. 0. 0. 0. 0. 0. 0. 0. 0. 0. 0. 0. 0. 0. 0. 0. 0. 0.\n",
      "  0. 0. 0. 0.]\n",
      " [0. 0. 0. 1. 0. 0. 0. 0. 0. 0. 0. 0. 0. 0. 0. 0. 0. 0. 0. 0. 0. 0. 0. 0.\n",
      "  0. 0. 0. 0.]\n",
      " [0. 0. 0. 0. 1. 0. 0. 0. 0. 0. 0. 0. 0. 0. 0. 0. 0. 0. 0. 0. 0. 0. 0. 0.\n",
      "  0. 0. 0. 0.]\n",
      " [0. 0. 0. 0. 0. 1. 0. 0. 0. 0. 0. 0. 0. 0. 0. 0. 0. 0. 0. 0. 0. 0. 0. 0.\n",
      "  0. 0. 0. 0.]\n",
      " [0. 0. 0. 0. 0. 0. 0. 0. 0. 0. 0. 0. 0. 0. 0. 0. 0. 0. 0. 0. 0. 0. 0. 0.\n",
      "  0. 0. 0. 0.]\n",
      " [0. 0. 0. 0. 0. 0. 0. 0. 0. 0. 0. 0. 0. 0. 0. 0. 0. 0. 0. 0. 0. 0. 0. 0.\n",
      "  0. 0. 0. 0.]\n",
      " [0. 0. 0. 0. 0. 0. 0. 0. 0. 0. 0. 0. 0. 0. 0. 0. 0. 0. 0. 0. 0. 0. 0. 0.\n",
      "  0. 0. 0. 0.]\n",
      " [0. 0. 0. 0. 0. 0. 0. 0. 0. 0. 0. 0. 0. 0. 0. 0. 0. 0. 0. 0. 0. 0. 0. 0.\n",
      "  0. 0. 0. 0.]\n",
      " [0. 0. 0. 0. 0. 0. 0. 0. 0. 0. 0. 0. 0. 0. 0. 0. 0. 0. 0. 0. 0. 0. 0. 0.\n",
      "  0. 0. 0. 0.]\n",
      " [0. 0. 0. 0. 0. 0. 0. 0. 0. 0. 0. 0. 0. 0. 0. 0. 0. 0. 0. 0. 0. 0. 0. 0.\n",
      "  0. 0. 0. 0.]\n",
      " [0. 0. 0. 0. 0. 0. 0. 0. 0. 0. 0. 0. 0. 0. 0. 0. 0. 0. 0. 0. 0. 0. 0. 0.\n",
      "  0. 0. 0. 0.]\n",
      " [0. 0. 0. 0. 0. 0. 0. 0. 0. 0. 0. 0. 0. 0. 0. 0. 0. 0. 0. 0. 0. 0. 0. 0.\n",
      "  0. 0. 0. 0.]\n",
      " [0. 0. 0. 0. 0. 0. 0. 0. 0. 0. 0. 0. 0. 0. 1. 0. 0. 0. 0. 0. 0. 0. 0. 0.\n",
      "  0. 0. 0. 0.]\n",
      " [0. 0. 0. 0. 0. 0. 0. 0. 0. 0. 0. 0. 0. 0. 0. 1. 0. 0. 0. 0. 0. 0. 0. 0.\n",
      "  0. 0. 0. 0.]\n",
      " [0. 0. 0. 0. 0. 0. 0. 0. 0. 0. 0. 0. 0. 0. 0. 0. 1. 0. 0. 0. 0. 0. 0. 0.\n",
      "  0. 0. 0. 0.]\n",
      " [0. 0. 0. 0. 0. 0. 0. 0. 0. 0. 0. 0. 0. 0. 0. 0. 0. 1. 0. 0. 0. 0. 0. 0.\n",
      "  0. 0. 0. 0.]\n",
      " [0. 0. 0. 0. 0. 0. 0. 0. 0. 0. 0. 0. 0. 0. 0. 0. 0. 0. 1. 0. 0. 0. 0. 0.\n",
      "  0. 0. 0. 0.]\n",
      " [0. 0. 0. 0. 0. 0. 0. 0. 0. 0. 0. 0. 0. 0. 0. 0. 0. 0. 0. 1. 0. 0. 0. 0.\n",
      "  0. 0. 0. 0.]\n",
      " [0. 0. 0. 0. 0. 0. 0. 0. 0. 0. 0. 0. 0. 0. 0. 0. 0. 0. 0. 0. 0. 0. 0. 0.\n",
      "  0. 0. 0. 0.]\n",
      " [0. 0. 0. 0. 0. 0. 0. 0. 0. 0. 0. 0. 0. 0. 0. 0. 0. 0. 0. 0. 0. 0. 0. 0.\n",
      "  0. 0. 0. 0.]\n",
      " [0. 0. 0. 0. 0. 0. 0. 0. 0. 0. 0. 0. 0. 0. 0. 0. 0. 0. 0. 0. 0. 0. 0. 0.\n",
      "  0. 0. 0. 0.]\n",
      " [0. 0. 0. 0. 0. 0. 0. 0. 0. 0. 0. 0. 0. 0. 0. 0. 0. 0. 0. 0. 0. 0. 0. 0.\n",
      "  0. 0. 0. 0.]\n",
      " [0. 0. 0. 0. 0. 0. 0. 0. 0. 0. 0. 0. 0. 0. 0. 0. 0. 0. 0. 0. 0. 0. 0. 0.\n",
      "  0. 0. 0. 0.]\n",
      " [0. 0. 0. 0. 0. 0. 0. 0. 0. 0. 0. 0. 0. 0. 0. 0. 0. 0. 0. 0. 0. 0. 0. 0.\n",
      "  0. 0. 0. 0.]\n",
      " [0. 0. 0. 0. 0. 0. 0. 0. 0. 0. 0. 0. 0. 0. 0. 0. 0. 0. 0. 0. 0. 0. 0. 0.\n",
      "  0. 0. 0. 0.]\n",
      " [0. 0. 0. 0. 0. 0. 0. 0. 0. 0. 0. 0. 0. 0. 0. 0. 0. 0. 0. 0. 0. 0. 0. 0.\n",
      "  0. 0. 0. 0.]]\n",
      "R:\n",
      "[[1. 0. 0. 0.]\n",
      " [0. 1. 0. 0.]\n",
      " [0. 0. 1. 0.]\n",
      " [0. 0. 0. 1.]]\n",
      "P:\n",
      "(28, 28)\n",
      "P:\n",
      "[[ 4270.3885     -0.02391  -367.09832    -0.00327   -25.88294    -0.00319\n",
      "   -168.49679   111.43421   197.38872   -46.90888  -168.49184   111.43705\n",
      "    197.38874   -46.90795  1213.78426    -0.00027  -154.05963    -0.00003\n",
      "     -1.98752    -0.00002    -4.85911     0.65445     1.97751    -0.32501\n",
      "     -4.85907     0.65448     1.97751    -0.32501]\n",
      " [   -0.02391 13439.19727    -0.00009  2391.59158     0.00427   522.5952\n",
      "     45.52212    26.60553    -0.15785     8.72474   -45.51818   -26.60347\n",
      "      0.15765    -8.72399    -0.00083   131.82753     0.00007    17.97845\n",
      "      0.00003     0.2927      0.34144     0.30199    -0.07053     0.06388\n",
      "     -0.34141    -0.30197     0.07053    -0.06387]\n",
      " [ -367.09832    -0.00009  5605.72937    -0.00004  -219.52561     0.00001\n",
      "   -271.21266  -225.23932  -116.0595      0.41154  -271.21271  -225.23934\n",
      "   -116.0595      0.41153  -687.30289     0.00001   148.83889    -0.\n",
      "     -9.90896     0.          0.00953    -0.84528    -1.77811     1.1241\n",
      "      0.00953    -0.84528    -1.77811     1.1241 ]\n",
      " [   -0.00327  2391.59158    -0.00004  1596.31013     0.00063   242.6263\n",
      "     47.26858    31.41374    -5.72016     0.86149   -47.26802   -31.41342\n",
      "      5.72016    -0.86138    -0.00004    86.37644    -0.          2.27504\n",
      "      0.          3.30029     0.48728    -0.25111     0.46386    -0.37342\n",
      "     -0.48727     0.25111    -0.46386     0.37342]\n",
      " [  -25.88294     0.00427  -219.52561     0.00063  1339.13935     0.00053\n",
      "    142.23315   274.51776   180.84403     7.25758   142.23237   274.51731\n",
      "    180.84402     7.25744  1065.16168     0.00005  -145.41151     0.\n",
      "      3.58855     0.         -2.02099     1.89645     1.87508    -0.20708\n",
      "     -2.021       1.89645     1.87508    -0.20708]\n",
      " [   -0.00319   522.5952      0.00001   242.6263      0.00053   567.72469\n",
      "     38.38392    21.10507    -2.01513     1.88285   -38.38342   -21.10483\n",
      "      2.01508    -1.88275    -0.00018    32.19679     0.00002    -0.55065\n",
      "      0.          1.96907     0.35674    -0.05722     0.20897    -0.2016\n",
      "     -0.35674     0.05722    -0.20897     0.2016 ]\n",
      " [ -168.49679    45.52212  -271.21266    47.26858   142.23315    38.38392\n",
      "    328.93503   201.47377    14.56219     5.25395   -49.92556    14.36716\n",
      "     38.6524      1.90886   185.97975   111.90318   -47.39948    -3.918\n",
      "      4.3495      8.49665     2.32341     0.29592     1.40345    -1.86512\n",
      "     -1.17434     0.73372    -0.31786     0.42449]\n",
      " [  111.43421    26.60553  -225.23932    31.41374   274.51776    21.10507\n",
      "    201.47377   195.83406    63.24251     2.50337    14.36722    90.65528\n",
      "     81.70377     0.58533   451.77319    50.28666   -73.73827    -0.65917\n",
      "      3.23277     3.65033     0.49264     0.86944     1.25276    -1.13854\n",
      "     -1.33605     0.84872     0.5614      0.08244]\n",
      " [  197.38872    -0.15785  -116.0595     -5.72016   180.84403    -2.01513\n",
      "     14.56219    63.24251    58.30947    -0.48974    38.65245    81.7038\n",
      "     51.83077    -0.49942   324.1922     -2.68191   -43.83913    -0.74496\n",
      "      0.76974    -0.1517     -0.8656      0.43716     0.56836     0.01425\n",
      "     -0.61473     0.55796     0.55537    -0.16081]\n",
      " [  -46.90888     8.72474     0.41154     0.86149     7.25758     1.88285\n",
      "      5.25395     2.50337    -0.48974     1.01372     1.90886     0.58531\n",
      "     -0.49943     0.39133    -3.35903     0.11134     0.35877     0.00681\n",
      "      0.05768     0.01639     0.05043     0.01969    -0.0047      0.00699\n",
      "      0.02389     0.00488    -0.00492     0.0025 ]\n",
      " [ -168.49184   -45.51818  -271.21271   -47.26802   142.23237   -38.38342\n",
      "    -49.92556    14.36722    38.65245     1.90886   328.93427   201.47339\n",
      "     14.56224     5.25381   185.98008  -111.90314   -47.39951     3.918\n",
      "      4.3495     -8.49665    -1.17434     0.73372    -0.31786     0.42449\n",
      "      2.3234      0.29592     1.40345    -1.86512]\n",
      " [  111.43705   -26.60347  -225.23934   -31.41342   274.51731   -21.10483\n",
      "     14.36716    90.65528    81.7038      0.58531   201.47339   195.83387\n",
      "     63.24254     2.50329   451.77338   -50.28664   -73.73829     0.65917\n",
      "      3.23277    -3.65033    -1.33605     0.84872     0.5614      0.08244\n",
      "      0.49264     0.86944     1.25276    -1.13854]\n",
      " [  197.38874     0.15765  -116.0595      5.72016   180.84402     2.01508\n",
      "     38.6524     81.70377    51.83077    -0.49943    14.56224    63.24254\n",
      "     58.30947    -0.48973   324.1922      2.68191   -43.83913     0.74496\n",
      "      0.76974     0.1517     -0.61473     0.55796     0.55537    -0.16081\n",
      "     -0.8656      0.43716     0.56836     0.01425]\n",
      " [  -46.90795    -8.72399     0.41153    -0.86138     7.25744    -1.88275\n",
      "      1.90886     0.58533    -0.49942     0.39133     5.25381     2.50329\n",
      "     -0.48973     1.01369    -3.35896    -0.11133     0.35876    -0.00681\n",
      "      0.05768    -0.01639     0.02389     0.00488    -0.00492     0.0025\n",
      "      0.05043     0.01969    -0.0047      0.00699]\n",
      " [ 1213.78426    -0.00083  -687.30289    -0.00004  1065.16168    -0.00018\n",
      "    185.97975   451.77319   324.1922     -3.35903   185.98008   451.77338\n",
      "    324.1922     -3.35896  1945.10053    -0.00001  -266.61897    -0.\n",
      "      5.44983    -0.         -4.20086     3.04271     3.38766    -0.64092\n",
      "     -4.20086     3.04271     3.38766    -0.64092]\n",
      " [   -0.00027   131.82753     0.00001    86.37644     0.00005    32.19679\n",
      "    111.90318    50.28666    -2.68191     0.11134  -111.90314   -50.28664\n",
      "      2.68191    -0.11133    -0.00001   125.4827      0.         -6.0832\n",
      "      0.          7.84128     1.0383     -0.71125     1.06004    -0.65276\n",
      "     -1.0383      0.71125    -1.06004     0.65276]\n",
      " [ -154.05963     0.00007   148.83889    -0.       -145.41151     0.00002\n",
      "    -47.39948   -73.73827   -43.83913     0.35877   -47.39951   -73.73829\n",
      "    -43.83913     0.35876  -266.61897     0.         48.95029     0.\n",
      "     -1.79108     0.          0.40721    -0.37359    -0.58348     0.21971\n",
      "      0.40721    -0.37359    -0.58348     0.21971]\n",
      " [   -0.00003    17.97845    -0.          2.27504     0.         -0.55065\n",
      "     -3.918      -0.65917    -0.74496     0.00681     3.918       0.65917\n",
      "      0.74496    -0.00681    -0.         -6.0832      0.          2.68902\n",
      "      0.         -0.63571    -0.02891     0.05424    -0.06046     0.02055\n",
      "      0.02891    -0.05424     0.06046    -0.02055]\n",
      " [   -1.98752     0.00003    -9.90896     0.          3.58855     0.\n",
      "      4.3495      3.23277     0.76974     0.05768     4.3495      3.23277\n",
      "      0.76974     0.05768     5.44983     0.         -1.79108     0.\n",
      "      1.25127     0.          0.01478     0.00988     0.02044    -0.02379\n",
      "      0.01478     0.00988     0.02044    -0.02379]\n",
      " [   -0.00002     0.2927      0.          3.30029     0.          1.96907\n",
      "      8.49665     3.65033    -0.1517      0.01639    -8.49665    -3.65033\n",
      "      0.1517     -0.01639    -0.          7.84128     0.         -0.63571\n",
      "      0.          1.67895     0.07303    -0.04251     0.06766    -0.05016\n",
      "     -0.07303     0.04251    -0.06766     0.05016]\n",
      " [   -4.85911     0.34144     0.00953     0.48728    -2.02099     0.35674\n",
      "      2.32341     0.49264    -0.8656      0.05043    -1.17434    -1.33605\n",
      "     -0.61473     0.02389    -4.20086     1.0383      0.40721    -0.02891\n",
      "      0.01478     0.07303     0.03507    -0.00563     0.00209    -0.01609\n",
      "      0.00072    -0.00283    -0.01348     0.00674]\n",
      " [    0.65445     0.30199    -0.84528    -0.25111     1.89645    -0.05722\n",
      "      0.29592     0.86944     0.43716     0.01969     0.73372     0.84872\n",
      "      0.55796     0.00488     3.04271    -0.71125    -0.37359     0.05424\n",
      "      0.00988    -0.04251    -0.00563     0.01407    -0.00268    -0.00214\n",
      "     -0.00283    -0.00045     0.01176    -0.00288]\n",
      " [    1.97751    -0.07053    -1.77811     0.46386     1.87508     0.20897\n",
      "      1.40345     1.25276     0.56836    -0.0047     -0.31786     0.5614\n",
      "      0.55537    -0.00492     3.38766     1.06004    -0.58348    -0.06046\n",
      "      0.02044     0.06766     0.00209    -0.00268     0.01713    -0.007\n",
      "     -0.01348     0.01176    -0.00223     0.00239]\n",
      " [   -0.32501     0.06388     1.1241     -0.37342    -0.20708    -0.2016\n",
      "     -1.86512    -1.13854     0.01425     0.00699     0.42449     0.08244\n",
      "     -0.16081     0.0025     -0.64092    -0.65276     0.21971     0.02055\n",
      "     -0.02379    -0.05016    -0.01609    -0.00214    -0.007       0.01455\n",
      "      0.00674    -0.00288     0.00239    -0.00273]\n",
      " [   -4.85907    -0.34141     0.00953    -0.48727    -2.021      -0.35674\n",
      "     -1.17434    -1.33605    -0.61473     0.02389     2.3234      0.49264\n",
      "     -0.8656      0.05043    -4.20086    -1.0383      0.40721     0.02891\n",
      "      0.01478    -0.07303     0.00072    -0.00283    -0.01348     0.00674\n",
      "      0.03507    -0.00563     0.00209    -0.01609]\n",
      " [    0.65448    -0.30197    -0.84528     0.25111     1.89645     0.05722\n",
      "      0.73372     0.84872     0.55796     0.00488     0.29592     0.86944\n",
      "      0.43716     0.01969     3.04271     0.71125    -0.37359    -0.05424\n",
      "      0.00988     0.04251    -0.00283    -0.00045     0.01176    -0.00288\n",
      "     -0.00563     0.01407    -0.00268    -0.00214]\n",
      " [    1.97751     0.07053    -1.77811    -0.46386     1.87508    -0.20897\n",
      "     -0.31786     0.5614      0.55537    -0.00492     1.40345     1.25276\n",
      "      0.56836    -0.0047      3.38766    -1.06004    -0.58348     0.06046\n",
      "      0.02044    -0.06766    -0.01348     0.01176    -0.00223     0.00239\n",
      "      0.00209    -0.00268     0.01713    -0.007  ]\n",
      " [   -0.32501    -0.06387     1.1241      0.37342    -0.20708     0.2016\n",
      "      0.42449     0.08244    -0.16081     0.0025     -1.86512    -1.13854\n",
      "      0.01425     0.00699    -0.64092     0.65276     0.21971    -0.02055\n",
      "     -0.02379     0.05016     0.00674    -0.00288     0.00239    -0.00273\n",
      "     -0.01609    -0.00214    -0.007       0.01455]]\n",
      "K:\n",
      "[[-0.14979 -0.25281  2.09155  0.28122 -0.44369 -0.13675 -1.25605 -0.27019\n",
      "  -0.00348  0.00019 -0.1765  -0.15489 -0.09761  0.00015 -0.47239  0.41577\n",
      "   0.03744 -0.053   -0.21279 -0.19309  0.01223 -0.00267  0.00344  0.00274\n",
      "   0.00066  0.00242 -0.00353  0.00109]\n",
      " [-0.14979  0.25281  2.09155 -0.28122 -0.44369  0.13675 -0.1765  -0.15489\n",
      "  -0.09761  0.00015 -1.25605 -0.27019 -0.00348  0.00019 -0.47239 -0.41577\n",
      "   0.03744  0.053   -0.21279  0.19309  0.00066  0.00242 -0.00353  0.00109\n",
      "   0.01223 -0.00267  0.00344  0.00274]\n",
      " [-0.50265  0.03025  3.64589 -1.04066 -1.18054 -0.61223 -5.17129 -3.15491\n",
      "  -0.13399 -0.00079  1.13415  0.02855 -0.51614  0.00015 -2.44687 -2.06571\n",
      "   0.72532  0.11142 -0.08135 -0.17022 -0.04002 -0.00229 -0.02384  0.03676\n",
      "   0.0202  -0.01172  0.00796 -0.00756]\n",
      " [-0.50266 -0.03025  3.64589  1.04066 -1.18054  0.61223  1.13415  0.02855\n",
      "  -0.51614  0.00015 -5.17129 -3.15491 -0.13399 -0.00079 -2.44687  2.06571\n",
      "   0.72532 -0.11142 -0.08135  0.17022  0.0202  -0.01172  0.00796 -0.00756\n",
      "  -0.04002 -0.00229 -0.02384  0.03676]]\n",
      "====================================\n",
      "sim_data.time: 0.0\n",
      "dq:\n",
      " [-0.1      0.      -0.00266  0.       0.17453  0.       0.       0.\n",
      "  0.       0.       0.       0.       0.       0.     ] \n",
      "sim_data.qpos:\n",
      " [ 0.       0.       0.1073   0.99623 -0.       0.0868  -0.       0.00109\n",
      " -0.00074  0.00074  0.0006   0.00109 -0.00074  0.00074  0.0006 ] \n",
      "sim_data.qvel:\n",
      " [ 0.00238  0.      -0.02408 -0.      -0.36083 -0.       0.5434  -0.36979\n",
      "  0.36767  0.29767  0.5434  -0.36979  0.36767  0.29767]\n",
      "====================================\n",
      "sim_data.time: 0.002\n",
      "dq:\n",
      " [-0.1      0.      -0.0027  -0.       0.17381 -0.       0.00109 -0.00074\n",
      "  0.00074  0.0006   0.00109 -0.00074  0.00074  0.0006 ] \n",
      "sim_data.qpos:\n",
      " [ 0.00001  0.       0.10722  0.99626 -0.       0.08639 -0.       0.0024\n",
      " -0.00186  0.00187  0.00177  0.0024  -0.00186  0.00187  0.00177] \n",
      "sim_data.qvel:\n",
      " [ 0.00368  0.      -0.03677 -0.      -0.40756 -0.       0.65715 -0.56195\n",
      "  0.56563  0.58877  0.65715 -0.56195  0.56563  0.58877]\n",
      "====================================\n",
      "sim_data.time: 0.004\n",
      "dq:\n",
      " [-0.09999  0.      -0.00278 -0.       0.173   -0.       0.0024  -0.00186\n",
      "  0.00187  0.00177  0.0024  -0.00186  0.00187  0.00177] \n",
      "sim_data.qpos:\n",
      " [ 0.00002  0.       0.10713  0.9963  -0.       0.08598 -0.       0.00382\n",
      " -0.00332  0.00335  0.00354  0.00382 -0.00332  0.00335  0.00354] \n",
      "sim_data.qvel:\n",
      " [ 0.00487  0.      -0.04757 -0.      -0.41236 -0.       0.71167 -0.72784\n",
      "  0.73953  0.8824   0.71167 -0.72784  0.73953  0.8824 ]\n",
      "====================================\n",
      "sim_data.time: 0.006\n",
      "dq:\n",
      " [-0.09998  0.      -0.00287 -0.       0.17217 -0.       0.00382 -0.00332\n",
      "  0.00335  0.00354  0.00382 -0.00332  0.00335  0.00354] \n",
      "sim_data.qpos:\n",
      " [ 0.00003  0.       0.10701  0.99633 -0.       0.08557 -0.       0.00534\n",
      " -0.00509  0.00516  0.00589  0.00534 -0.00509  0.00516  0.00589] \n",
      "sim_data.qvel:\n",
      " [ 0.00608  0.      -0.05777 -0.      -0.41179 -0.       0.7564  -0.88714\n",
      "  0.90804  1.17855  0.7564  -0.88714  0.90804  1.17855]\n",
      "====================================\n",
      "sim_data.time: 0.008\n",
      "dq:\n",
      " [-0.09997  0.      -0.00299 -0.       0.17135 -0.       0.00534 -0.00509\n",
      "  0.00516  0.00589  0.00534 -0.00509  0.00516  0.00589] \n",
      "sim_data.qpos:\n",
      " [ 0.00005  0.       0.10688  0.99637 -0.       0.08516 -0.       0.00693\n",
      " -0.00718  0.00731  0.00885  0.00693 -0.00718  0.00731  0.00885] \n",
      "sim_data.qvel:\n",
      " [ 0.00734  0.      -0.06752 -0.      -0.41069 -0.       0.7978  -1.04194\n",
      "  1.0729   1.47612  0.7978  -1.04194  1.0729   1.47612]\n",
      "====================================\n",
      "sim_data.time: 0.01\n",
      "dq:\n",
      " [-0.09995  0.      -0.00312 -0.       0.17053 -0.       0.00693 -0.00718\n",
      "  0.00731  0.00885  0.00693 -0.00718  0.00731  0.00885] \n",
      "sim_data.qpos:\n",
      " [ 0.00007  0.       0.10672  0.9964  -0.       0.08475 -0.       0.00861\n",
      " -0.00956  0.00977  0.01239  0.00861 -0.00956  0.00977  0.01239] \n",
      "sim_data.qvel:\n",
      " [ 0.00864  0.      -0.07686 -0.      -0.40974 -0.       0.83668 -1.19205\n",
      "  1.23365  1.77391  0.83668 -1.19205  1.23365  1.77391]\n",
      "====================================\n",
      "sim_data.time: 0.012\n",
      "dq:\n",
      " [-0.09993  0.      -0.00328 -0.       0.16971 -0.       0.00861 -0.00956\n",
      "  0.00977  0.01239  0.00861 -0.00956  0.00977  0.01239] \n",
      "sim_data.qpos:\n",
      " [ 0.00009  0.       0.10655  0.99644 -0.       0.08434 -0.       0.01035\n",
      " -0.01224  0.01255  0.01654  0.01035 -0.01224  0.01255  0.01654] \n",
      "sim_data.qvel:\n",
      " [ 0.00999  0.      -0.08577 -0.      -0.40907 -0.       0.87316 -1.33699\n",
      "  1.38959  2.07078  0.87316 -1.33699  1.38959  2.07078]\n",
      "====================================\n",
      "sim_data.time: 0.014\n",
      "dq:\n",
      " [-0.09991  0.      -0.00345 -0.       0.16889 -0.       0.01035 -0.01224\n",
      "  0.01255  0.01654  0.01035 -0.01224  0.01255  0.01654] \n",
      "sim_data.qpos:\n",
      " [ 0.00011  0.       0.10636  0.99647 -0.       0.08394 -0.       0.01217\n",
      " -0.01519  0.01563  0.02127  0.01217 -0.01519  0.01563  0.02127] \n",
      "sim_data.qvel:\n",
      " [ 0.01138  0.      -0.09426 -0.      -0.40873 -0.       0.9072  -1.47628\n",
      "  1.54004  2.36566  0.9072  -1.47628  1.54004  2.36566]\n",
      "====================================\n",
      "sim_data.time: 0.016\n",
      "dq:\n",
      " [-0.09989  0.      -0.00364 -0.       0.16807 -0.       0.01217 -0.01519\n",
      "  0.01563  0.02127  0.01217 -0.01519  0.01563  0.02127] \n",
      "sim_data.qpos:\n",
      " [ 0.00013  0.       0.10616  0.99651 -0.       0.08353 -0.       0.01404\n",
      " -0.01841  0.019    0.02658  0.01404 -0.01841  0.019    0.02658] \n",
      "sim_data.qvel:\n",
      " [ 0.01283  0.      -0.10232 -0.      -0.40875 -0.       0.93877 -1.60946\n",
      "  1.68433  2.65754  0.93877 -1.60946  1.68433  2.65754]\n",
      "====================================\n",
      "sim_data.time: 0.018000000000000002\n",
      "dq:\n",
      " [-0.09987  0.      -0.00384 -0.       0.16725 -0.       0.01404 -0.01841\n",
      "  0.019    0.02658  0.01404 -0.01841  0.019    0.02658] \n",
      "sim_data.qpos:\n",
      " [ 0.00016  0.       0.10594  0.99654 -0.       0.08312 -0.       0.01598\n",
      " -0.02188  0.02265  0.03247  0.01598 -0.02188  0.02265  0.03247] \n",
      "sim_data.qvel:\n",
      " [ 0.01433  0.      -0.10994 -0.      -0.40916 -0.       0.96783 -1.7361\n",
      "  1.82188  2.94548  0.96783 -1.7361   1.82188  2.94548]\n",
      "====================================\n",
      "sim_data.time: 0.020000000000000004\n",
      "dq:\n",
      " [-0.09984  0.      -0.00406 -0.       0.16644 -0.       0.01598 -0.02188\n",
      "  0.02265  0.03247  0.01598 -0.02188  0.02265  0.03247] \n",
      "sim_data.qpos:\n",
      " [ 0.00019  0.       0.1057   0.99657 -0.       0.08271 -0.       0.01797\n",
      " -0.02559  0.02655  0.03893  0.01797 -0.02559  0.02655  0.03893] \n",
      "sim_data.qvel:\n",
      " [ 0.01587  0.      -0.11711 -0.      -0.40997 -0.       0.99432 -1.8558\n",
      "  1.95212  3.22861  0.99432 -1.8558   1.95212  3.22861]\n",
      "====================================\n",
      "sim_data.time: 0.022000000000000006\n",
      "dq:\n",
      " [-0.09981  0.      -0.0043  -0.       0.16562 -0.       0.01797 -0.02559\n",
      "  0.02655  0.03893  0.01797 -0.02559  0.02655  0.03893] \n",
      "sim_data.qpos:\n",
      " [ 0.00023  0.       0.10546  0.99661 -0.       0.0823  -0.       0.02001\n",
      " -0.02953  0.0307   0.04594  0.02001 -0.02953  0.0307   0.04594] \n",
      "sim_data.qvel:\n",
      " [ 0.01747  0.      -0.12382  0.      -0.41118 -0.       1.01819 -1.96822\n",
      "  2.07458  3.50612  1.01819 -1.96822  2.07458  3.50612]\n",
      "====================================\n",
      "sim_data.time: 0.024000000000000007\n",
      "dq:\n",
      " [-0.09977  0.      -0.00454 -0.       0.16479 -0.       0.02001 -0.02953\n",
      "  0.0307   0.04594  0.02001 -0.02953  0.0307   0.04594] \n",
      "sim_data.qpos:\n",
      " [ 0.00027  0.       0.1052   0.99664 -0.       0.08189 -0.       0.02208\n",
      " -0.03367  0.03508  0.0535   0.02208 -0.03367  0.03508  0.0535 ] \n",
      "sim_data.qvel:\n",
      " [ 0.01913 -0.      -0.13007  0.      -0.41278 -0.       1.0394  -2.07304\n",
      "  2.18882  3.77729  1.0394  -2.07303  2.18882  3.77729]\n",
      "====================================\n",
      "sim_data.time: 0.02600000000000001\n",
      "dq:\n",
      " [-0.09973  0.      -0.0048  -0.       0.16397 -0.       0.02208 -0.03367\n",
      "  0.03508  0.0535   0.02208 -0.03367  0.03508  0.0535 ] \n",
      "sim_data.qpos:\n",
      " [ 0.00031  0.       0.10492  0.99668 -0.       0.08148 -0.       0.0242\n",
      " -0.03801  0.03967  0.06158  0.0242  -0.03801  0.03967  0.06158] \n",
      "sim_data.qvel:\n",
      " [ 0.02084 -0.      -0.13585  0.      -0.41475 -0.       1.05789 -2.16999\n",
      "  2.29447  4.04143  1.05789 -2.16999  2.29447  4.04143]\n",
      "====================================\n",
      "sim_data.time: 0.02800000000000001\n",
      "dq:\n",
      " [-0.09969  0.      -0.00508 -0.       0.16314 -0.       0.0242  -0.03801\n",
      "  0.03967  0.06158  0.0242  -0.03801  0.03967  0.06158] \n",
      "sim_data.qpos:\n",
      " [ 0.00035  0.       0.10464  0.99671 -0.       0.08106 -0.       0.02635\n",
      " -0.04253  0.04445  0.07018  0.02635 -0.04253  0.04445  0.07018] \n",
      "sim_data.qvel:\n",
      " [ 0.0226  -0.      -0.14114  0.      -0.41706 -0.       1.07363 -2.25886\n",
      "  2.39125  4.29794  1.07363 -2.25886  2.39125  4.29794]\n",
      "====================================\n",
      "sim_data.time: 0.030000000000000013\n",
      "dq:\n",
