{
 "cells": [
  {
   "cell_type": "code",
   "execution_count": 30,
   "id": "53675a3c-52ee-4fd0-b35c-689aa8ced49f",
   "metadata": {},
   "outputs": [],
   "source": [
    "import copy\n",
    "import mujoco\n",
    "from dm_control import mjcf\n",
    "import numpy as np\n",
    "import cv2\n",
    "import scipy\n",
    "from scipy.spatial.transform import Rotation as Rotater\n",
    "import common\n",
    "from dm_control.mujoco import Physics\n",
    "from lxml import etree\n",
    "from dm_control.suite import base\n",
    "from dm_control.rl import control\n",
    "from dm_control import viewer\n",
    "import mediapy as media\n",
    "\n",
    "np.set_printoptions(precision=5, suppress=True)"
   ]
  },
  {
   "cell_type": "code",
   "execution_count": 1,
   "id": "bb4e2694",
   "metadata": {},
   "outputs": [],
   "source": [
    "\n",
    "def compute_gains(model, data, configuration, Q, R):\n",
    "    # 1. Set configuration and find control that stabilizes it (ctrl0)\n",
    "    newdata = mujoco.MjData(model)\n",
    "    newdata = copy.copy(data)\n",
    "\n",
    "    mujoco.mj_resetData(model, newdata)\n",
    "    newdata.qpos = configuration\n",
    "    # compute the control\n",
    "    mujoco.mj_forward(model, newdata)\n",
    "    newdata.qacc = 0\n",
    "    mujoco.mj_inverse(model, newdata)\n",
    "\n",
    "    # define control and configuration to linearize around\n",
    "    # print(newdata.qfrc_actuator)\n",
    "    ctrl0 = newdata.qfrc_inverse.copy() @ np.linalg.pinv(newdata.actuator_moment)\n",
    "    qpos0 = newdata.qpos.copy()\n",
    "    print('ctrl0:\\n', ctrl0)\n",
    "    print('qpos0:\\n', qpos0)\n",
    "\n",
    "    # 2. Compute LQR gains given weights\n",
    "    mujoco.mj_resetData(model, newdata)\n",
    "    newdata.ctrl = ctrl0\n",
    "    newdata.qpos = qpos0\n",
    "\n",
    "    # 3. Allocate the A and B matrices, compute them.\n",
    "    A = np.zeros((2 * model.nv, 2 * model.nv))\n",
    "    B = np.zeros((2 * model.nv, model.nu))\n",
    "    epsilon = 1e-6\n",
    "    flg_centered = True\n",
    "    mujoco.mjd_transitionFD(model, newdata, epsilon, flg_centered, A, B, None, None)\n",
    "    \n",
    "\n",
    "    #print A, B, Q, R in format 'A:\\n{}\\n'\n",
    "    print('A:\\n{}\\nB:\\n{}\\nQ:\\n{}\\nR:\\n{}'.format(A.shape, B.shape, Q.shape, R.shape))\n",
    "    print('A:\\n{}\\nB:\\n{}\\nQ:\\n{}\\nR:\\n{}'.format(A, B, Q, R))\n",
    "\n",
    "    # return None, None\n",
    "\n",
    "    # Solve discrete Riccati equation.\n",
    "    P = scipy.linalg.solve_discrete_are(A, B, Q, R)\n",
    "    print('P:\\n{}'.format(P.shape))\n",
    "\n",
    "    # Compute the feedback gain matrix K.\n",
    "    K = np.linalg.inv(R + B.T @ P @ B) @ B.T @ P @ A\n",
    "\n",
    "    #print P, K in format 'A:\\n{}\\n'\n",
    "    print('P:\\n{}\\nK:\\n{}'.format(P, K))\n",
    "\n",
    "    return ctrl0, K"
   ]
  },
  {
   "cell_type": "code",
   "execution_count": 51,
   "id": "bdeba0d3-33fe-4c14-b218-e43cdac591c7",
   "metadata": {},
   "outputs": [
    {
     "name": "stdout",
     "output_type": "stream",
     "text": [
      "sim_model.nv: 14 sim_model.nu: 4 sim_model.nq: 15 sim_model.na: 0\n",
      "sim_data.qpos: [0.  0.  1.5 1.  0.  0.  0.  0.  0.  0.  0.  0.  0.  0.  0. ] \n",
      "sim_data.qvel: [0. 0. 0. 0. 0. 0. 0. 0. 0. 0. 0. 0. 0. 0.] \n",
      "sim_data.qacc: [0. 0. 0. 0. 0. 0. 0. 0. 0. 0. 0. 0. 0. 0.] \n",
      "sim_data.ctrl: [0. 0. 0. 0.]\n",
      "sim_data.site_xpos: [[0. 0. 0.]] \n",
      "sim_data.site_xmat: [[0. 0. 0. 0. 0. 0. 0. 0. 0.]]\n",
      "ang_euler: [0, 0, 0] quat: [0. 0. 0. 1.]\n",
      "A:\n",
      "(28, 28)\n",
      "B:\n",
      "(28, 4)\n",
      "Q:\n",
      "(28, 28)\n",
      "R:\n",
      "(4, 4)\n",
      "A:\n",
      "[[     1.           0.          -0.34655     -0.           0.34651\n",
      "      -0.           0.13019      0.13028      0.00009      0.\n",
      "       0.13019      0.13028      0.00009      0.           0.002\n",
      "      -0.          -0.00001      0.          -0.           0.\n",
      "      -0.           0.00001      0.          -0.          -0.\n",
      "       0.00001      0.          -0.     ]\n",
      " [     0.           1.           0.           5.37857      0.\n",
      "      -0.          -2.66344     -2.66343      0.           0.\n",
      "       2.66344      2.66343     -0.           0.           0.\n",
      "       0.00193      0.           0.00001     -0.          -0.00003\n",
      "      -0.          -0.           0.           0.           0.\n",
      "       0.          -0.          -0.     ]\n",
      " [     0.           0.          -5.61691      0.           6.61606\n",
      "       0.           2.35781      2.35784      0.00004      0.\n",
      "       2.35781      2.35784      0.00004      0.           0.\n",
      "       0.           0.00187      0.           0.00005      0.\n",
      "       0.00001      0.00001      0.          -0.           0.00001\n",
      "       0.00001      0.          -0.     ]\n",
      " [     0.           0.          -0.          -6.99078      0.\n",
      "       0.00003      3.90412      3.90416      0.00004      0.\n",
      "      -3.90412     -3.90416     -0.00004      0.           0.\n",
      "      -0.00013      0.           0.00163     -0.          -0.00005\n",
      "       0.           0.00001      0.          -0.          -0.\n",
      "      -0.00001     -0.           0.     ]\n",
      " [     0.           0.          22.95697      0.         -21.95399\n",
      "       0.          -8.11161     -8.11148      0.00013      0.\n",
      "      -8.11161     -8.11148      0.00013      0.           0.00001\n",
      "      -0.           0.00044      0.           0.00179      0.\n",
      "       0.00002      0.00003      0.00001     -0.           0.00002\n",
      "       0.00003      0.00001     -0.     ]\n",
      " [     0.           0.           0.          10.03606      0.\n",
      "       1.          -4.76281     -4.76297     -0.00016      0.\n",
      "       4.76281      4.76297      0.00016      0.           0.\n",
      "      -0.00022     -0.          -0.00012     -0.           0.00186\n",
      "      -0.00001     -0.00001     -0.00001     -0.           0.00001\n",
      "       0.00001      0.00001      0.     ]\n",
      " [    -0.           0.         -27.61011    -10.74131     27.6066\n",
      "      -0.          15.97737     14.97717     -0.00018      0.\n",
      "       4.94149      4.94133     -0.00016      0.           0.00007\n",
      "       0.00019     -0.00053      0.00008      0.00012      0.00006\n",
      "       0.00192     -0.00002     -0.00001     -0.00002     -0.00002\n",
      "      -0.00003     -0.00001      0.     ]\n",
      " [     0.           0.          36.19656     26.91638    -36.19193\n",
      "      -0.         -26.36273    -25.36247      0.00023      0.\n",
      "       0.36258      0.36264      0.00006      0.          -0.00007\n",
      "      -0.00039      0.00069     -0.00002     -0.0002      -0.00013\n",
      "      -0.00032      0.00162      0.00001      0.00002      0.00002\n",
      "       0.00002      0.          -0.     ]\n",
      " [    -0.          -0.         -37.99706    -30.27891     37.9922\n",
      "       0.          28.77717     28.76714      0.98992      0.\n",
      "      -1.50479     -1.50483     -0.00004      0.           0.00006\n",
      "       0.00043     -0.00073     -0.           0.00022      0.00015\n",
      "       0.00032     -0.00003      0.00158     -0.00002     -0.00001\n",
      "      -0.00002     -0.           0.     ]\n",
      " [    -0.           0.         -48.7336     -32.67353     48.72783\n",
      "       0.          36.69079     36.69099      0.00055      1.\n",
      "       3.43233      3.43223     -0.00009      0.           0.0011\n",
      "       0.0003      -0.00085     -0.00008     -0.00134     -0.00077\n",
      "      -0.00119     -0.00006      0.00002      0.00167     -0.00001\n",
      "      -0.00002     -0.           0.     ]\n",
      " [    -0.           0.         -27.61011     10.74131     27.6066\n",
      "      -0.           4.94149      4.94133     -0.00016      0.\n",
      "      15.97737     14.97717     -0.00018      0.           0.00007\n",
      "      -0.00019     -0.00053     -0.00008      0.00012     -0.00006\n",
      "      -0.00002     -0.00003     -0.00001      0.           0.00192\n",
      "      -0.00002     -0.00001     -0.00002]\n",
      " [     0.          -0.          36.19656    -26.91638    -36.19193\n",
      "       0.           0.36258      0.36264      0.00006      0.\n",
      "     -26.36273    -25.36247      0.00023      0.          -0.00007\n",
      "       0.00039      0.00069      0.00002     -0.0002       0.00013\n",
      "       0.00002      0.00002      0.          -0.          -0.00032\n",
      "       0.00162      0.00001      0.00002]\n",
      " [    -0.           0.         -37.99706     30.27891     37.9922\n",
      "      -0.          -1.50479     -1.50483     -0.00004      0.\n",
      "      28.77717     28.76714      0.98992      0.           0.00006\n",
      "      -0.00043     -0.00073      0.           0.00022     -0.00015\n",
      "      -0.00001     -0.00002     -0.           0.           0.00032\n",
      "      -0.00003      0.00158     -0.00002]\n",
      " [    -0.           0.         -48.7336      32.67353     48.72783\n",
      "       0.           3.43233      3.43223     -0.00009      0.\n",
      "      36.69079     36.69099      0.00055      1.           0.0011\n",
      "      -0.0003      -0.00085      0.00008     -0.00134      0.00077\n",
      "      -0.00001     -0.00002     -0.           0.          -0.00119\n",
      "      -0.00006      0.00002      0.00167]\n",
      " [     0.           0.        -173.27277     -0.         173.25509\n",
      "      -0.          65.09384     65.13751      0.0439       0.\n",
      "      65.09384     65.13751      0.0439       0.           1.00144\n",
      "      -0.          -0.00323      0.          -0.00084      0.\n",
      "      -0.00005      0.00264      0.00199     -0.00022     -0.00005\n",
      "       0.00264      0.00199     -0.00022]\n",
      " [     0.           0.           0.        2689.28415      0.\n",
      "      -0.00075  -1331.71944  -1331.71591      0.00153      0.\n",
      "    1331.71944   1331.71591     -0.00153      0.           0.\n",
      "       0.96266      0.           0.00679     -0.          -0.01305\n",
      "      -0.00086     -0.00136      0.00013      0.00018      0.00086\n",
      "       0.00136     -0.00013     -0.00018]\n",
      " [    -0.           0.       -3308.45613      0.        3308.03139\n",
      "      -0.        1178.90544   1178.92196      0.01905      0.\n",
      "    1178.90544   1178.92196      0.01905      0.           0.00239\n",
      "       0.           0.9364       0.           0.02383      0.\n",
      "       0.00323      0.0052       0.00077     -0.00036      0.00323\n",
      "       0.0052       0.00077     -0.00036]\n",
      " [     0.          -0.          -0.       -3995.43191      0.\n",
      "      -0.        1952.10139   1952.11846      0.02015      0.\n",
      "   -1952.10139  -1952.11846     -0.02015      0.           0.\n",
      "      -0.06469      0.           0.81539     -0.          -0.02452\n",
      "       0.00168      0.00303      0.00086     -0.00014     -0.00168\n",
      "      -0.00303     -0.00086      0.00014]\n",
      " [     0.           0.       11478.48522      0.      -11476.99704\n",
      "       0.       -4055.80477  -4055.73759      0.06268      0.\n",
      "   -4055.80477  -4055.73759      0.06268      0.           0.00501\n",
      "      -0.           0.22169      0.           0.89623      0.\n",
      "       0.008        0.01315      0.00273     -0.00075      0.008\n",
      "       0.01315      0.00273     -0.00075]\n",
      " [     0.           0.           0.        5018.00529      0.\n",
      "       0.       -2381.37109  -2381.45108     -0.08047      0.\n",
      "    2381.37109   2381.45108      0.08047      0.           0.\n",
      "      -0.11094     -0.          -0.0595      -0.           0.92901\n",
      "      -0.00358     -0.00709     -0.00362     -0.00003      0.00358\n",
      "       0.00709      0.00362      0.00003]\n",
      " [    -0.           0.      -13805.05567  -5370.65446  13803.30022\n",
      "      -0.        7488.68388   7488.58267     -0.08774      0.\n",
      "    2470.7462    2470.66369     -0.07806      0.           0.03415\n",
      "       0.09706     -0.26349      0.04103      0.06117      0.02824\n",
      "       0.95924     -0.00753     -0.00288     -0.01081     -0.01137\n",
      "      -0.01656     -0.00339      0.00056]\n",
      " [     0.           0.       18098.27891  13458.19015 -18095.96713\n",
      "      -0.      -13181.36685 -13181.2343       0.11374      0.\n",
      "     181.28789    181.31954      0.03105      0.          -0.0326\n",
      "      -0.19337      0.34639     -0.00777     -0.09945     -0.06573\n",
      "      -0.16171      0.80817      0.00375      0.01017      0.00822\n",
      "       0.01076      0.00126     -0.00039]\n",
      " [    -0.          -0.      -18998.53098 -15139.45255  18996.10248\n",
      "       0.       14388.58396  14383.5687      -5.04139      0.\n",
      "    -752.39714   -752.41717     -0.02029      0.           0.0322\n",
      "       0.21315     -0.36378     -0.0004       0.10761      0.07309\n",
      "       0.15917     -0.01733      0.78842     -0.01001     -0.00745\n",
      "      -0.00938     -0.00077      0.00035]\n",
      " [    -0.           0.      -24366.79815 -16336.76581  24363.91262\n",
      "       0.       18345.3929   18345.49694      0.27308      0.\n",
      "    1716.16311   1716.11725     -0.04498      0.           0.55049\n",
      "       0.14762     -0.42685     -0.03893     -0.66842     -0.38719\n",
      "      -0.59346     -0.03035      0.0099       0.83398     -0.00732\n",
      "      -0.01206     -0.00188      0.00087]\n",
      " [    -0.           0.      -13805.05567   5370.65446  13803.30022\n",
      "      -0.        2470.7462    2470.66369     -0.07806      0.\n",
      "    7488.68388   7488.58267     -0.08774      0.           0.03415\n",
      "      -0.09706     -0.26349     -0.04103      0.06117     -0.02824\n",
      "      -0.01137     -0.01656     -0.00339      0.00056      0.95924\n",
      "      -0.00753     -0.00288     -0.01081]\n",
      " [     0.          -0.       18098.27891 -13458.19015 -18095.96713\n",
      "       0.         181.28789    181.31954      0.03105      0.\n",
      "  -13181.36685 -13181.2343       0.11374      0.          -0.0326\n",
      "       0.19337      0.34639      0.00777     -0.09945      0.06573\n",
      "       0.00822      0.01076      0.00126     -0.00039     -0.16171\n",
      "       0.80817      0.00375      0.01017]\n",
      " [    -0.           0.      -18998.53098  15139.45255  18996.10248\n",
      "      -0.        -752.39714   -752.41717     -0.02029      0.\n",
      "   14388.58396  14383.5687      -5.04139      0.           0.0322\n",
      "      -0.21315     -0.36378      0.0004       0.10761     -0.07309\n",
      "      -0.00745     -0.00938     -0.00077      0.00035      0.15917\n",
      "      -0.01733      0.78842     -0.01001]\n",
      " [    -0.           0.      -24366.79815  16336.76581  24363.91262\n",
      "       0.        1716.16311   1716.11725     -0.04498      0.\n",
      "   18345.3929   18345.49694      0.27308      0.           0.55049\n",
      "      -0.14762     -0.42685      0.03893     -0.66842      0.38719\n",
      "      -0.00732     -0.01206     -0.00188      0.00087     -0.59346\n",
      "      -0.03035      0.0099       0.83398]]\n",
      "B:\n",
      "[[ 0.       0.      -0.      -0.     ]\n",
      " [ 0.      -0.       0.      -0.     ]\n",
      " [-0.      -0.      -0.      -0.     ]\n",
      " [ 0.      -0.      -0.       0.     ]\n",
      " [-0.      -0.      -0.      -0.     ]\n",
      " [-0.       0.       0.      -0.     ]\n",
      " [ 0.       0.      -0.       0.     ]\n",
      " [-0.      -0.       0.      -0.     ]\n",
      " [ 0.       0.      -0.       0.     ]\n",
      " [-0.       0.       0.       0.     ]\n",
      " [ 0.       0.       0.      -0.     ]\n",
      " [-0.      -0.      -0.       0.     ]\n",
      " [ 0.       0.       0.      -0.     ]\n",
      " [ 0.      -0.       0.       0.     ]\n",
      " [ 0.       0.      -0.      -0.     ]\n",
      " [ 0.      -0.       0.      -0.     ]\n",
      " [-0.      -0.      -0.      -0.     ]\n",
      " [ 0.      -0.      -0.       0.     ]\n",
      " [-0.00001 -0.00001 -0.00001 -0.00001]\n",
      " [-0.00001  0.00001  0.      -0.     ]\n",
      " [ 0.00004  0.00001 -0.00003  0.00001]\n",
      " [-0.00003 -0.00001  0.00002 -0.00001]\n",
      " [ 0.00003  0.00001 -0.00002  0.00001]\n",
      " [-0.00003  0.00001  0.00019  0.00001]\n",
      " [ 0.00001  0.00004  0.00001 -0.00003]\n",
      " [-0.00001 -0.00003 -0.00001  0.00002]\n",
      " [ 0.00001  0.00003  0.00001 -0.00002]\n",
      " [ 0.00001 -0.00003  0.00001  0.00019]]\n",
      "Q:\n",
      "[[1. 0. 0. 0. 0. 0. 0. 0. 0. 0. 0. 0. 0. 0. 0. 0. 0. 0. 0. 0. 0. 0. 0. 0.\n",
      "  0. 0. 0. 0.]\n",
      " [0. 1. 0. 0. 0. 0. 0. 0. 0. 0. 0. 0. 0. 0. 0. 0. 0. 0. 0. 0. 0. 0. 0. 0.\n",
      "  0. 0. 0. 0.]\n",
      " [0. 0. 1. 0. 0. 0. 0. 0. 0. 0. 0. 0. 0. 0. 0. 0. 0. 0. 0. 0. 0. 0. 0. 0.\n",
      "  0. 0. 0. 0.]\n",
      " [0. 0. 0. 1. 0. 0. 0. 0. 0. 0. 0. 0. 0. 0. 0. 0. 0. 0. 0. 0. 0. 0. 0. 0.\n",
      "  0. 0. 0. 0.]\n",
      " [0. 0. 0. 0. 1. 0. 0. 0. 0. 0. 0. 0. 0. 0. 0. 0. 0. 0. 0. 0. 0. 0. 0. 0.\n",
      "  0. 0. 0. 0.]\n",
      " [0. 0. 0. 0. 0. 1. 0. 0. 0. 0. 0. 0. 0. 0. 0. 0. 0. 0. 0. 0. 0. 0. 0. 0.\n",
      "  0. 0. 0. 0.]\n",
      " [0. 0. 0. 0. 0. 0. 1. 0. 0. 0. 0. 0. 0. 0. 0. 0. 0. 0. 0. 0. 0. 0. 0. 0.\n",
      "  0. 0. 0. 0.]\n",
      " [0. 0. 0. 0. 0. 0. 0. 1. 0. 0. 0. 0. 0. 0. 0. 0. 0. 0. 0. 0. 0. 0. 0. 0.\n",
      "  0. 0. 0. 0.]\n",
      " [0. 0. 0. 0. 0. 0. 0. 0. 1. 0. 0. 0. 0. 0. 0. 0. 0. 0. 0. 0. 0. 0. 0. 0.\n",
      "  0. 0. 0. 0.]\n",
      " [0. 0. 0. 0. 0. 0. 0. 0. 0. 1. 0. 0. 0. 0. 0. 0. 0. 0. 0. 0. 0. 0. 0. 0.\n",
      "  0. 0. 0. 0.]\n",
      " [0. 0. 0. 0. 0. 0. 0. 0. 0. 0. 1. 0. 0. 0. 0. 0. 0. 0. 0. 0. 0. 0. 0. 0.\n",
      "  0. 0. 0. 0.]\n",
      " [0. 0. 0. 0. 0. 0. 0. 0. 0. 0. 0. 1. 0. 0. 0. 0. 0. 0. 0. 0. 0. 0. 0. 0.\n",
      "  0. 0. 0. 0.]\n",
      " [0. 0. 0. 0. 0. 0. 0. 0. 0. 0. 0. 0. 1. 0. 0. 0. 0. 0. 0. 0. 0. 0. 0. 0.\n",
      "  0. 0. 0. 0.]\n",
      " [0. 0. 0. 0. 0. 0. 0. 0. 0. 0. 0. 0. 0. 1. 0. 0. 0. 0. 0. 0. 0. 0. 0. 0.\n",
      "  0. 0. 0. 0.]\n",
      " [0. 0. 0. 0. 0. 0. 0. 0. 0. 0. 0. 0. 0. 0. 1. 0. 0. 0. 0. 0. 0. 0. 0. 0.\n",
      "  0. 0. 0. 0.]\n",
      " [0. 0. 0. 0. 0. 0. 0. 0. 0. 0. 0. 0. 0. 0. 0. 1. 0. 0. 0. 0. 0. 0. 0. 0.\n",
      "  0. 0. 0. 0.]\n",
      " [0. 0. 0. 0. 0. 0. 0. 0. 0. 0. 0. 0. 0. 0. 0. 0. 1. 0. 0. 0. 0. 0. 0. 0.\n",
      "  0. 0. 0. 0.]\n",
      " [0. 0. 0. 0. 0. 0. 0. 0. 0. 0. 0. 0. 0. 0. 0. 0. 0. 1. 0. 0. 0. 0. 0. 0.\n",
      "  0. 0. 0. 0.]\n",
      " [0. 0. 0. 0. 0. 0. 0. 0. 0. 0. 0. 0. 0. 0. 0. 0. 0. 0. 1. 0. 0. 0. 0. 0.\n",
      "  0. 0. 0. 0.]\n",
      " [0. 0. 0. 0. 0. 0. 0. 0. 0. 0. 0. 0. 0. 0. 0. 0. 0. 0. 0. 1. 0. 0. 0. 0.\n",
      "  0. 0. 0. 0.]\n",
      " [0. 0. 0. 0. 0. 0. 0. 0. 0. 0. 0. 0. 0. 0. 0. 0. 0. 0. 0. 0. 1. 0. 0. 0.\n",
      "  0. 0. 0. 0.]\n",
      " [0. 0. 0. 0. 0. 0. 0. 0. 0. 0. 0. 0. 0. 0. 0. 0. 0. 0. 0. 0. 0. 1. 0. 0.\n",
      "  0. 0. 0. 0.]\n",
      " [0. 0. 0. 0. 0. 0. 0. 0. 0. 0. 0. 0. 0. 0. 0. 0. 0. 0. 0. 0. 0. 0. 1. 0.\n",
      "  0. 0. 0. 0.]\n",
      " [0. 0. 0. 0. 0. 0. 0. 0. 0. 0. 0. 0. 0. 0. 0. 0. 0. 0. 0. 0. 0. 0. 0. 1.\n",
      "  0. 0. 0. 0.]\n",
      " [0. 0. 0. 0. 0. 0. 0. 0. 0. 0. 0. 0. 0. 0. 0. 0. 0. 0. 0. 0. 0. 0. 0. 0.\n",
      "  1. 0. 0. 0.]\n",
      " [0. 0. 0. 0. 0. 0. 0. 0. 0. 0. 0. 0. 0. 0. 0. 0. 0. 0. 0. 0. 0. 0. 0. 0.\n",
      "  0. 1. 0. 0.]\n",
      " [0. 0. 0. 0. 0. 0. 0. 0. 0. 0. 0. 0. 0. 0. 0. 0. 0. 0. 0. 0. 0. 0. 0. 0.\n",
      "  0. 0. 1. 0.]\n",
      " [0. 0. 0. 0. 0. 0. 0. 0. 0. 0. 0. 0. 0. 0. 0. 0. 0. 0. 0. 0. 0. 0. 0. 0.\n",
      "  0. 0. 0. 1.]]\n",
      "R:\n",
      "[[1. 0. 0. 0.]\n",
      " [0. 1. 0. 0.]\n",
      " [0. 0. 1. 0.]\n",
      " [0. 0. 0. 1.]]\n",
      "P:\n",
      "(28, 28)\n",
      "P:\n",
      "[[ 1.75329e+04  1.52175e-01 -1.22204e+09  4.53298e+06  1.22207e+09\n",
      "  -6.30641e+00  4.30480e+08  4.30470e+08 -3.95364e+03 -7.08083e+02\n",
      "   4.35076e+08  4.35066e+08 -3.96625e+03 -7.08096e+02  1.35107e+05\n",
      "  -1.23082e+01  1.70186e+05 -3.03437e+02 -5.13606e+04 -5.06629e+00\n",
      "  -2.61388e+04 -1.30920e+04  2.05472e+03  2.32840e+02 -2.64524e+04\n",
      "  -1.34068e+04  2.05422e+03  2.33037e+02]\n",
      " [ 1.52175e-01  5.78716e+06  7.91045e+04  4.72687e+07 -7.90547e+04\n",
      "   2.25913e+06 -2.18314e+07 -2.21321e+07 -1.98132e+04  8.44578e+04\n",
      "   2.17754e+07  2.20762e+07  1.98134e+04 -8.44579e+04  6.15120e+00\n",
      "   3.31179e+05  2.53482e+00  7.78185e+04  4.19810e+00 -3.94769e+03\n",
      "  -3.46635e+02 -1.61728e+04  1.92676e+02  1.12413e+02  3.49465e+02\n",
      "   1.61766e+04 -1.92480e+02 -1.12415e+02]\n",
      " [-1.22204e+09  7.91045e+04  1.59327e+18 -3.67711e+15 -1.59307e+18\n",
      "   5.17955e+09 -5.62201e+17 -5.62197e+17  3.23257e+12 -3.79596e+07\n",
      "  -5.65930e+17 -5.65926e+17  3.24281e+12 -3.55921e+07  2.84656e+11\n",
      "   1.00051e+10 -6.11558e+13  2.46147e+11  7.75756e+13  4.11712e+09\n",
      "   2.61471e+13  2.64566e+13  1.32811e+11 -4.75289e+10  2.64015e+13\n",
      "   2.67119e+13  1.33215e+11 -4.76884e+10]\n",
      " [ 4.53298e+06  4.72687e+07 -3.67711e+15  4.45086e+18  3.67664e+15\n",
      "  -6.26851e+12 -2.25499e+18 -2.25498e+18  6.18823e+12  1.39582e+09\n",
      "   2.25759e+18  2.25758e+18 -6.20317e+12 -1.39471e+09 -5.92132e+08\n",
      "  -1.21062e+13  1.41400e+11 -2.97941e+14 -1.78975e+11 -4.98134e+12\n",
      "   1.53883e+14  1.54485e+14  2.44545e+11 -9.64690e+10 -1.54004e+14\n",
      "  -1.54608e+14 -2.45155e+11  9.66860e+10]\n",
      " [ 1.22207e+09 -7.90547e+04 -1.59307e+18  3.67664e+15  1.59286e+18\n",
      "  -5.17888e+09  5.62129e+17  5.62125e+17 -3.23215e+12  3.80498e+07\n",
      "   5.65857e+17  5.65853e+17 -3.24239e+12  3.56825e+07 -2.84609e+11\n",
      "  -1.00038e+10  6.11480e+13 -2.46115e+11 -7.75656e+13 -4.11659e+09\n",
      "  -2.61438e+13 -2.64532e+13 -1.32793e+11  4.75225e+10 -2.63981e+13\n",
      "  -2.67085e+13 -1.33198e+11  4.76819e+10]\n",
      " [-6.30641e+00  2.25913e+06  5.17955e+09 -6.26851e+12 -5.17888e+09\n",
      "   1.26219e+07  3.17588e+12  3.17587e+12 -8.77481e+06 -7.93581e+04\n",
      "  -3.17955e+12 -3.17954e+12  8.79586e+06  7.93564e+04  8.34642e+02\n",
      "   1.69251e+07 -1.99172e+05  4.19534e+08  2.52103e+05  7.56790e+06\n",
      "  -2.16538e+08 -2.17630e+08 -3.56029e+05  1.19651e+05  2.16708e+08\n",
      "   2.17802e+08  3.56888e+05 -1.19957e+05]\n",
      " [ 4.30480e+08 -2.18314e+07 -5.62201e+17 -2.25499e+18  5.62129e+17\n",
      "   3.17588e+12  1.34217e+18  1.34216e+18 -4.28145e+12 -6.92169e+08\n",
      "  -9.44095e+17 -9.44092e+17  1.99654e+12  7.21136e+08 -1.00400e+11\n",
      "   6.13347e+12  2.15795e+13  1.50949e+14 -2.73732e+13  2.52373e+12\n",
      "  -8.72651e+13 -8.76803e+13 -1.70985e+11  6.57289e+10  6.87230e+13\n",
      "   6.89193e+13  7.71159e+10 -3.21329e+10]\n",
      " [ 4.30470e+08 -2.21321e+07 -5.62197e+17 -2.25498e+18  5.62125e+17\n",
      "   3.17587e+12  1.34216e+18  1.34215e+18 -4.28143e+12 -6.92214e+08\n",
      "  -9.44092e+17 -9.44089e+17  1.99654e+12  7.21143e+08 -1.00401e+11\n",
      "   6.13344e+12  2.15793e+13  1.50949e+14 -2.73731e+13  2.52372e+12\n",
      "  -8.72648e+13 -8.76799e+13 -1.70985e+11  6.57286e+10  6.87227e+13\n",
      "   6.89191e+13  7.71157e+10 -3.21328e+10]\n",
      " [-3.95364e+03 -1.98132e+04  3.23257e+12  6.18823e+12 -3.23215e+12\n",
      "  -8.77481e+06 -4.28145e+12 -4.28143e+12  1.52962e+07  4.12272e+03\n",
      "   1.99259e+12  1.99259e+12 -2.02337e+06 -2.57005e+03  5.19641e+05\n",
      "  -1.71168e+07 -1.23685e+08 -4.14224e+08  1.57270e+08 -7.06621e+06\n",
      "   2.67178e+08  2.68855e+08  6.17070e+05 -2.18512e+05 -1.60782e+08\n",
      "  -1.60974e+08 -7.06570e+04  3.85096e+04]\n",
      " [-7.08083e+02  8.44578e+04 -3.79596e+07  1.39582e+09  3.80498e+07\n",
      "  -7.93581e+04 -6.92169e+08 -6.92214e+08  4.12272e+03  1.20720e+04\n",
      "   7.22538e+08  7.22544e+08 -2.57640e+03 -8.94150e+03  3.33196e+04\n",
      "   1.64613e+04  2.85833e+04 -8.77030e+04 -2.37575e+03 -2.59883e+04\n",
      "   5.54070e+04  6.33964e+04  8.26637e+02  4.53306e+02 -2.48468e+04\n",
      "  -3.65720e+04 -3.53893e+02 -9.61358e+02]\n",
      " [ 4.35076e+08  2.17754e+07 -5.65930e+17  2.25759e+18  5.65857e+17\n",
      "  -3.17955e+12 -9.44095e+17 -9.44092e+17  1.99259e+12  7.22538e+08\n",
      "   1.34481e+18  1.34480e+18 -4.29265e+12 -6.92444e+08 -1.01000e+11\n",
      "  -6.14055e+12  2.17228e+13 -1.51124e+14 -2.75547e+13 -2.52665e+12\n",
      "   6.87516e+13  6.89476e+13  7.69499e+10 -3.20793e+10 -8.74166e+13\n",
      "  -8.78328e+13 -1.71438e+11  6.58954e+10]\n",
      " [ 4.35066e+08  2.20762e+07 -5.65926e+17  2.25758e+18  5.65853e+17\n",
      "  -3.17954e+12 -9.44092e+17 -9.44089e+17  1.99259e+12  7.22544e+08\n",
      "   1.34480e+18  1.34479e+18 -4.29262e+12 -6.92489e+08 -1.01001e+11\n",
      "  -6.14053e+12  2.17227e+13 -1.51123e+14 -2.75545e+13 -2.52664e+12\n",
      "   6.87513e+13  6.89473e+13  7.69498e+10 -3.20792e+10 -8.74162e+13\n",
      "  -8.78325e+13 -1.71437e+11  6.58951e+10]\n",
      " [-3.96625e+03  1.98134e+04  3.24281e+12 -6.20317e+12 -3.24239e+12\n",
      "   8.79586e+06  1.99654e+12  1.99654e+12 -2.02337e+06 -2.57640e+03\n",
      "  -4.29265e+12 -4.29262e+12  1.53378e+07  4.12600e+03  5.21290e+05\n",
      "   1.71575e+07 -1.24079e+08  4.15224e+08  1.57768e+08  7.08294e+06\n",
      "  -1.61130e+08 -1.61322e+08 -7.06298e+04  3.85313e+04  2.67863e+08\n",
      "   2.69544e+08  6.18741e+05 -2.19138e+05]\n",
      " [-7.08096e+02 -8.44579e+04 -3.55921e+07 -1.39471e+09  3.56825e+07\n",
      "   7.93564e+04  7.21136e+08  7.21143e+08 -2.57005e+03 -8.94150e+03\n",
      "  -6.92444e+08 -6.92489e+08  4.12600e+03  1.20720e+04  3.33197e+04\n",
      "  -1.64643e+04  2.84922e+04  8.76286e+04 -2.26048e+03  2.59871e+04\n",
      "  -2.47693e+04 -3.64939e+04 -3.53639e+02 -9.61454e+02  5.54075e+04\n",
      "   6.33973e+04  8.26770e+02  4.53260e+02]\n",
      " [ 1.35107e+05  6.15120e+00  2.84656e+11 -5.92132e+08 -2.84609e+11\n",
      "   8.34642e+02 -1.00400e+11 -1.00401e+11  5.19641e+05  3.33196e+04\n",
      "  -1.01000e+11 -1.01001e+11  5.21290e+05  3.33197e+04  4.30401e+06\n",
      "   1.61357e+03 -6.39990e+06  3.96375e+04  1.45392e+07  6.63562e+02\n",
      "   5.40080e+06  5.50249e+06  8.30730e+04 -2.91700e+04  5.44176e+06\n",
      "   5.54361e+06  8.31382e+04 -2.91956e+04]\n",
      " [-1.23082e+01  3.31179e+05  1.00051e+10 -1.21062e+13 -1.00038e+10\n",
      "   1.69251e+07  6.13347e+12  6.13344e+12 -1.71168e+07  1.64613e+04\n",
      "  -6.14055e+12 -6.14053e+12  1.71575e+07 -1.64643e+04  1.61357e+03\n",
      "   3.49774e+07 -3.84728e+05  8.10298e+08  4.86979e+05  1.44057e+07\n",
      "  -4.18217e+08 -4.20471e+08 -6.86533e+05  2.25870e+05  4.18547e+08\n",
      "   4.20805e+08  6.88193e+05 -2.26461e+05]\n",
      " [ 1.70186e+05  2.53482e+00 -6.11558e+13  1.41400e+11  6.11480e+13\n",
      "  -1.99172e+05  2.15795e+13  2.15793e+13 -1.23685e+08  2.85833e+04\n",
      "   2.17228e+13  2.17227e+13 -1.24079e+08  2.84922e+04 -6.39990e+06\n",
      "  -3.84728e+05  2.37266e+09 -9.46534e+06 -2.97215e+09 -1.58316e+05\n",
      "  -1.00119e+09 -1.01308e+09 -4.91256e+06  1.72152e+06 -1.01097e+09\n",
      "  -1.02290e+09 -4.92812e+06  1.72766e+06]\n",
      " [-3.03437e+02  7.78185e+04  2.46147e+11 -2.97941e+14 -2.46115e+11\n",
      "   4.19534e+08  1.50949e+14  1.50949e+14 -4.14224e+08 -8.77030e+04\n",
      "  -1.51124e+14 -1.51123e+14  4.15224e+08  8.76286e+04  3.96375e+04\n",
      "   8.10298e+08 -9.46534e+06  1.99443e+10  1.19806e+07  3.33381e+08\n",
      "  -1.03010e+10 -1.03413e+10 -1.63682e+07  6.46035e+06  1.03091e+10\n",
      "   1.03495e+10  1.64090e+07 -6.47488e+06]\n",
      " [-5.13606e+04  4.19810e+00  7.75756e+13 -1.78975e+11 -7.75656e+13\n",
      "   2.52103e+05 -2.73732e+13 -2.73731e+13  1.57270e+08 -2.37575e+03\n",
      "  -2.75547e+13 -2.75545e+13  1.57768e+08 -2.26048e+03  1.45392e+07\n",
      "   4.86979e+05 -2.97215e+09  1.19806e+07  3.77941e+09  2.00393e+05\n",
      "   1.27421e+09  1.28872e+09  6.49828e+06 -2.37500e+06  1.28659e+09\n",
      "   1.30115e+09  6.51797e+06 -2.38276e+06]\n",
      " [-5.06629e+00 -3.94769e+03  4.11712e+09 -4.98134e+12 -4.11659e+09\n",
      "   7.56790e+06  2.52373e+12  2.52372e+12 -7.06621e+06 -2.59883e+04\n",
      "  -2.52665e+12 -2.52664e+12  7.08294e+06  2.59871e+04  6.63562e+02\n",
      "   1.44057e+07 -1.58316e+05  3.33381e+08  2.00393e+05  6.09696e+06\n",
      "  -1.72024e+08 -1.73034e+08 -2.86205e+05  8.74456e+04  1.72160e+08\n",
      "   1.73171e+08  2.86888e+05 -8.76887e+04]\n",
      " [-2.61388e+04 -3.46635e+02  2.61471e+13  1.53883e+14 -2.61438e+13\n",
      "  -2.16538e+08 -8.72651e+13 -8.72648e+13  2.67178e+08  5.54070e+04\n",
      "   6.87516e+13  6.87513e+13 -1.61130e+08 -2.47693e+04  5.40080e+06\n",
      "  -4.18217e+08 -1.00119e+09 -1.03010e+10  1.27421e+09 -1.72024e+08\n",
      "   5.75466e+09  5.78004e+09  1.06539e+07 -4.16870e+06 -4.89027e+09\n",
      "  -4.90636e+09 -6.26728e+06  2.52515e+06]\n",
      " [-1.30920e+04 -1.61728e+04  2.64566e+13  1.54485e+14 -2.64532e+13\n",
      "  -2.17630e+08 -8.76803e+13 -8.76799e+13  2.68855e+08  6.33964e+04\n",
      "   6.89476e+13  6.89473e+13 -1.61322e+08 -3.64939e+04  5.50249e+06\n",
      "  -4.20471e+08 -1.01308e+09 -1.03413e+10  1.28872e+09 -1.73034e+08\n",
      "   5.78004e+09  5.80611e+09  1.07264e+07 -4.15512e+06 -4.90633e+09\n",
      "  -4.92234e+09 -6.27733e+06  2.53796e+06]\n",
      " [ 2.05472e+03  1.92676e+02  1.32811e+11  2.44545e+11 -1.32793e+11\n",
      "  -3.56029e+05 -1.70985e+11 -1.70985e+11  6.17070e+05  8.26637e+02\n",
      "   7.69499e+10  7.69498e+10 -7.06298e+04 -3.53639e+02  8.30730e+04\n",
      "  -6.86533e+05 -4.91256e+06 -1.63682e+07  6.49828e+06 -2.86205e+05\n",
      "   1.06539e+07  1.07264e+07  2.65310e+04 -9.20202e+03 -6.25285e+06\n",
      "  -6.26290e+06 -9.79818e+02  4.18793e+02]\n",
      " [ 2.32840e+02  1.12413e+02 -4.75289e+10 -9.64690e+10  4.75225e+10\n",
      "   1.19651e+05  6.57289e+10  6.57286e+10 -2.18512e+05  4.53306e+02\n",
      "  -3.20793e+10 -3.20792e+10  3.85313e+04 -9.61454e+02 -2.91700e+04\n",
      "   2.25870e+05  1.72152e+06  6.46035e+06 -2.37500e+06  8.74456e+04\n",
      "  -4.16870e+06 -4.15512e+06 -9.20202e+03  6.31668e+03  2.52027e+06\n",
      "   2.53309e+06  4.20072e+02  4.87072e+02]\n",
      " [-2.64524e+04  3.49465e+02  2.64015e+13 -1.54004e+14 -2.63981e+13\n",
      "   2.16708e+08  6.87230e+13  6.87227e+13 -1.60782e+08 -2.48468e+04\n",
      "  -8.74166e+13 -8.74162e+13  2.67863e+08  5.54075e+04  5.44176e+06\n",
      "   4.18547e+08 -1.01097e+09  1.03091e+10  1.28659e+09  1.72160e+08\n",
      "  -4.89027e+09 -4.90633e+09 -6.25285e+06  2.52027e+06  5.76305e+09\n",
      "   5.78849e+09  1.06816e+07 -4.17883e+06]\n",
      " [-1.34068e+04  1.61766e+04  2.67119e+13 -1.54608e+14 -2.67085e+13\n",
      "   2.17802e+08  6.89193e+13  6.89191e+13 -1.60974e+08 -3.65720e+04\n",
      "  -8.78328e+13 -8.78325e+13  2.69544e+08  6.33973e+04  5.54361e+06\n",
      "   4.20805e+08 -1.02290e+09  1.03495e+10  1.30115e+09  1.73171e+08\n",
      "  -4.90636e+09 -4.92234e+09 -6.26290e+06  2.53309e+06  5.78849e+09\n",
      "   5.81463e+09  1.07543e+07 -4.16532e+06]\n",
      " [ 2.05422e+03 -1.92480e+02  1.33215e+11 -2.45155e+11 -1.33198e+11\n",
      "   3.56888e+05  7.71159e+10  7.71157e+10 -7.06570e+04 -3.53893e+02\n",
      "  -1.71438e+11 -1.71437e+11  6.18741e+05  8.26770e+02  8.31382e+04\n",
      "   6.88193e+05 -4.92812e+06  1.64090e+07  6.51797e+06  2.86888e+05\n",
      "  -6.26728e+06 -6.27733e+06 -9.79818e+02  4.20072e+02  1.06816e+07\n",
      "   1.07543e+07  2.65981e+04 -9.22718e+03]\n",
      " [ 2.33037e+02 -1.12415e+02 -4.76884e+10  9.66860e+10  4.76819e+10\n",
      "  -1.19957e+05 -3.21329e+10 -3.21328e+10  3.85096e+04 -9.61358e+02\n",
      "   6.58954e+10  6.58951e+10 -2.19138e+05  4.53260e+02 -2.91956e+04\n",
      "  -2.26461e+05  1.72766e+06 -6.47488e+06 -2.38276e+06 -8.76887e+04\n",
      "   2.52515e+06  2.53796e+06  4.18793e+02  4.87072e+02 -4.17883e+06\n",
      "  -4.16532e+06 -9.22718e+03  6.32609e+03]]\n",
      "K:\n",
      "[[-3.62299e-02  7.04696e-01 -6.11928e+08  1.24609e+08  6.11849e+08\n",
      "  -1.73513e+02  1.53472e+08  1.53471e+08 -1.07691e+03  3.50296e-01\n",
      "   2.79810e+08  2.79808e+08 -1.42074e+03  3.75718e-01 -1.06250e+02\n",
      "  -3.28540e+02  2.33973e+04 -8.34198e+03 -2.98016e+04 -1.34364e+02\n",
      "  -5.76791e+03 -5.88383e+03 -4.51146e+01  1.50030e+01 -1.43917e+04\n",
      "  -1.45344e+04 -5.85748e+01  2.08297e+01]\n",
      " [-3.62264e-02 -7.04683e-01 -6.11929e+08 -1.24617e+08  6.11850e+08\n",
      "   1.73524e+02  2.79814e+08  2.79812e+08 -1.42075e+03  3.75716e-01\n",
      "   1.53469e+08  1.53467e+08 -1.07690e+03  3.50300e-01 -1.06250e+02\n",
      "   3.28562e+02  2.33973e+04  8.34251e+03 -2.98016e+04  1.34373e+02\n",
      "  -1.43920e+04 -1.45347e+04 -5.85753e+01  2.08299e+01 -5.76765e+03\n",
      "  -5.88357e+03 -4.51142e+01  1.50028e+01]\n",
      " [ 5.45862e-03  5.86326e-02 -6.48678e+08 -1.51784e+09  6.48594e+08\n",
      "   2.12637e+03  9.99095e+08  9.99091e+08 -3.42432e+03 -3.20799e-01\n",
      "  -5.39798e+08 -5.39797e+08  7.94236e+02 -3.63206e-01 -1.56456e+02\n",
      "   4.10594e+03  2.46841e+04  1.01606e+05 -3.16607e+04  1.68578e+03\n",
      "  -6.32453e+04 -6.35510e+04 -1.38653e+02  5.49433e+01  4.17609e+04\n",
      "   4.18499e+04  2.77207e+01 -1.19585e+01]\n",
      " [ 5.41671e-03 -5.86395e-02 -6.48679e+08  1.51785e+09  6.48595e+08\n",
      "  -2.12638e+03 -5.39802e+08 -5.39801e+08  7.94245e+02 -3.63213e-01\n",
      "   9.99100e+08  9.99095e+08 -3.42433e+03 -3.20813e-01 -1.56457e+02\n",
      "  -4.10596e+03  2.46841e+04 -1.01607e+05 -3.16608e+04 -1.68579e+03\n",
      "   4.17612e+04  4.18502e+04  2.77210e+01 -1.19587e+01 -6.32456e+04\n",
      "  -6.35513e+04 -1.38654e+02  5.49435e+01]]\n"
     ]
    }
   ],
   "source": [
    "def simulate():\n",
    "\n",
    "    CART_POLE_MJCF = \"legwheel_robot2.xml\" #\"cartpole2.xml\"\n",
    "    sim_model = mujoco.MjModel.from_xml_path(CART_POLE_MJCF)\n",
    "    sim_data = mujoco.MjData(sim_model)\n",
    "    renderer = mujoco.Renderer(sim_model, height=480, width=640)\n",
    "\n",
    "    # Make a new camera, move it to a closer distance.\n",
    "    camera = mujoco.MjvCamera()\n",
    "    mujoco.mjv_defaultFreeCamera(sim_model, camera)\n",
    "    camera.lookat = [0, -10, 8]\n",
    "    camera.azimuth = 90\n",
    "    camera.elevation = -30\n",
    "    camera.distance = 1\n",
    "    q0 = copy.copy(sim_data.qpos)\n",
    "\n",
    "    print('sim_model.nv:', sim_model.nv, 'sim_model.nu:', sim_model.nu, 'sim_model.nq:', sim_model.nq, 'sim_model.na:', sim_model.na)  \n",
    "    print('sim_data.qpos:', sim_data.qpos, '\\nsim_data.qvel:', sim_data.qvel, '\\nsim_data.qacc:', sim_data.qacc, '\\nsim_data.ctrl:', sim_data.ctrl)\n",
    "    print('sim_data.site_xpos:', sim_data.site_xpos, '\\nsim_data.site_xmat:', sim_data.site_xmat)\n",
    "\n",
    "    # Parameters.\n",
    "    DURATION = 1  # seconds\n",
    "    BALANCE_STD = 0.2  # actuator units\n",
    "    FRAMERATE = 30\n",
    "\n",
    "    \n",
    "    ang_euler = Rotater.from_quat([0, 0, 0, 1]).as_euler('xyz', degrees=True)\n",
    "    ang_euler = [0, 0, 0]\n",
    "    quat = Rotater.from_euler('xyz', ang_euler, degrees=True).as_quat()\n",
    "    print('ang_euler:', ang_euler, 'quat:', quat)\n",
    "\n",
    "    qpos0 = np.array([0., 0., 1.5*np.cos(ang_euler[1]*np.pi/180), quat[3], quat[0], quat[1], quat[2], 0, 0, 0, 0, 0, 0, 0., 0.]) #give initial pose\n",
    "    target = np.array([0., 0., 1.5, 1., 0., 0., 0., 0., 0., 0, 0, 0, 0, 0., 0.]) #give target pose which is the stable pose\n",
    "\n",
    "    Q = np.eye(sim_model.nv*2) * 1\n",
    "    R = np.eye(sim_model.nu) * 1\n",
    "\n",
    "    dq = np.zeros(sim_model.nv)\n",
    "    # mujoco.mj_differentiatePos(sim_model, dq, 1, target, sim_data.qpos)\n",
    "    # print('dq:', dq)\n",
    "    # return\n",
    "\n",
    "    # ctrl0, K = compute_gains(uncertain_model, uncertain_data, target)\n",
    "    ctrl0, K = compute_gains(sim_model, sim_data, target, Q, R)\n",
    "    return\n",
    "\n",
    "    #print('ctrl0:', ctrl0, 'K:', K)\n",
    "\n",
    "    # Reset data, set initial pose.\n",
    "    mujoco.mj_resetData(sim_model, sim_data)\n",
    "    sim_data.qpos = qpos0\n",
    "\n",
    "    qhist = []\n",
    "    frames = []\n",
    "    while sim_data.time < DURATION:\n",
    "        # Get state difference dx.\n",
    "        mujoco.mj_differentiatePos(sim_model, dq, 1, target, sim_data.qpos)\n",
    "        dx = np.hstack((dq, sim_data.qvel)).T\n",
    "\n",
    "        # LQR control law.\n",
    "        sim_data.ctrl = ctrl0 - K @ dx + np.random.randn(sim_model.nu)\n",
    "        #print('ctrl:', sim_data.ctrl)\n",
    "\n",
    "        # Step the simulation.\n",
    "        mujoco.mj_step(sim_model, sim_data)\n",
    "\n",
    "        # Save history.\n",
    "        if len(frames) < sim_data.time * FRAMERATE:\n",
    "            qhist.append(sim_data.qpos.copy())\n",
    "            #camera.lookat = sim_data.body('cart').subtree_com\n",
    "            renderer.update_scene(sim_data, camera)\n",
    "            img = renderer.render()\n",
    "            frames.append(img)\n",
    "    print(\"show video:\")\n",
    "    media.show_video(frames, fps=FRAMERATE)\n",
    "    \n",
    "    \n",
    "simulate()"
   ]
  }
 ],
 "metadata": {
  "kernelspec": {
   "display_name": "Python 3 (ipykernel)",
   "language": "python",
   "name": "python3"
  },
  "language_info": {
   "codemirror_mode": {
    "name": "ipython",
    "version": 3
   },
   "file_extension": ".py",
   "mimetype": "text/x-python",
   "name": "python",
   "nbconvert_exporter": "python",
   "pygments_lexer": "ipython3",
   "version": "3.12.5"
  }
 },
 "nbformat": 4,
 "nbformat_minor": 5
}
